301859	2148.800 	 0.243 	 
2148.800 	 0.242 	 
2148.800 	 0.243 	 
2148.800 	 0.243 	 
2148.800 	 0.242 	 
2148.800 	 0.243 	 
2148.800 	 0.242 	 
2148.800 	 0.243 	 
2148.800 	 0.242 	 
2148.800 	 0.243 	 
2148.800 	 0.243 	 
2148.800 	 0.242 	 
2148.800 	 0.243 	 
2148.800 	 0.243 	 
2148.800 	 0.242 	 
2148.800 	 0.243 	 
2148.800 	 0.242 	 
2148.800 	 0.243 	 
2148.800 	 0.242 	 
2148.800 	 0.243 	 
2148.800 	 0.243 	 
2148.800 	 0.242 	 
2148.800 	 0.243 	 
2148.800 	 0.243 	 
2148.800 	 0.242 	 
2148.800 	 0.243 	 
2148.800 	 0.242 	 
2148.800 	 0.243 	 
2148.800 	 0.242 	 
2148.800 	 0.243 	 
2148.800 	 0.242 	 
2148.800 	 0.242 	 
2148.800 	 0.243 	 
2148.800 	 0.243 	 
2148.800 	 0.242 	 
2148.800 	 0.243 	 
2148.800 	 0.242 	 
2148.800 	 0.243 	 
2148.800 	 0.242 	 
2148.800 	 0.243 	 
2148.800 	 0.242 	 
2148.800 	 0.242 	 
2148.800 	 0.243 	 
2148.800 	 0.243 	 
2148.800 	 0.242 	 
2148.800 	 0.243 	 
2148.800 	 0.242 	 
2148.800 	 0.243 	 
2148.800 	 0.242 	 
2148.800 	 0.243 	 
2148.800 	 0.242 	 
2148.800 	 0.242 	 
2148.800 	 0.243 	 
2148.800 	 0.244 	 
2148.800 	 0.242 	 
2148.800 	 0.243 	 
2148.800 	 0.242 	 
2148.800 	 0.243 	 
2148.800 	 0.242 	 
2148.800 	 0.243 	 
2148.800 	 0.242 	 
2148.800 	 0.243 	 
301860	8624.0 	 0.244 	 
8624.0 	 0.244 	 
8624.0 	 0.244 	 
8624.0 	 0.245 	 
8624.0 	 0.244 	 
8624.0 	 0.244 	 
8624.0 	 0.244 	 
8624.0 	 0.244 	 
8624.0 	 0.244 	 
8624.0 	 0.245 	 
8624.0 	 0.244 	 
8624.0 	 0.244 	 
8624.0 	 0.244 	 
8624.0 	 0.245 	 
8624.0 	 0.244 	 
8624.0 	 0.244 	 
8624.0 	 0.244 	 
8624.0 	 0.244 	 
8624.0 	 0.244 	 
8624.0 	 0.244 	 
8624.0 	 0.244 	 
8624.0 	 0.244 	 
8624.0 	 0.244 	 
8624.0 	 0.245 	 
8624.0 	 0.244 	 
8624.0 	 0.245 	 
8624.0 	 0.244 	 
8624.0 	 0.244 	 
8624.0 	 0.244 	 
8624.0 	 0.244 	 
8624.0 	 0.244 	 
8624.0 	 0.244 	 
8624.0 	 0.244 	 
8624.0 	 0.245 	 
8624.0 	 0.244 	 
8624.0 	 0.245 	 
8624.0 	 0.244 	 
8624.0 	 0.244 	 
8624.0 	 0.244 	 
8624.0 	 0.244 	 
8624.0 	 0.244 	 
8624.0 	 0.244 	 
8624.0 	 0.244 	 
8624.0 	 0.245 	 
8624.0 	 0.244 	 
8624.0 	 0.245 	 
8624.0 	 0.244 	 
8624.0 	 0.244 	 
8624.0 	 0.244 	 
8624.0 	 0.245 	 
8624.0 	 0.244 	 
8624.0 	 0.244 	 
8624.0 	 0.244 	 
8624.0 	 0.245 	 
8624.0 	 0.243 	 
8624.0 	 0.245 	 
8624.0 	 0.244 	 
8624.0 	 0.244 	 
8624.0 	 0.244 	 
8624.0 	 0.245 	 
8624.0 	 0.244 	 
8624.0 	 0.244 	 
301861	19733.0 	 0.239 	 
19733.0 	 0.239 	 
19733.0 	 0.239 	 
19733.0 	 0.240 	 
19733.0 	 0.239 	 
19733.0 	 0.239 	 
19733.0 	 0.239 	 
19733.0 	 0.239 	 
19733.0 	 0.239 	 
19733.0 	 0.24 	 
19733.0 	 0.239 	 
19733.0 	 0.239 	 
19733.0 	 0.239 	 
19733.0 	 0.240 	 
19733.0 	 0.239 	 
19733.0 	 0.24 	 
19733.0 	 0.239 	 
19733.0 	 0.239 	 
19733.0 	 0.239 	 
19733.0 	 0.240 	 
19733.0 	 0.239 	 
19733.0 	 0.239 	 
19733.0 	 0.239 	 
19733.0 	 0.240 	 
19733.0 	 0.239 	 
19733.0 	 0.240 	 
19733.0 	 0.239 	 
19733.0 	 0.239 	 
19733.0 	 0.239 	 
19733.0 	 0.240 	 
19733.0 	 0.239 	 
19733.0 	 0.239 	 
19733.0 	 0.24 	 
19733.0 	 0.240 	 
19733.0 	 0.239 	 
19733.0 	 0.240 	 
19733.0 	 0.239 	 
19733.0 	 0.239 	 
19733.0 	 0.239 	 
19733.0 	 0.240 	 
19733.0 	 0.239 	 
19733.0 	 0.239 	 
19733.0 	 0.240 	 
19733.0 	 0.240 	 
19733.0 	 0.238 	 
19733.0 	 0.240 	 
19733.0 	 0.239 	 
19733.0 	 0.239 	 
19733.0 	 0.239 	 
19733.0 	 0.240 	 
19733.0 	 0.239 	 
19733.0 	 0.239 	 
19733.0 	 0.240 	 
19733.0 	 0.240 	 
19733.0 	 0.238 	 
19733.0 	 0.240 	 
19733.0 	 0.239 	 
19733.0 	 0.24 	 
19733.0 	 0.239 	 
19733.0 	 0.240 	 
19733.0 	 0.239 	 
19733.0 	 0.239 	 
301862	363.6000 	 0.246 	 
363.6000 	 0.246 	 
363.6000 	 0.246 	 
363.6000 	 0.246 	 
363.6000 	 0.246 	 
363.6000 	 0.246 	 
363.6000 	 0.246 	 
363.6000 	 0.246 	 
363.6000 	 0.246 	 
363.6000 	 0.246 	 
363.6000 	 0.246 	 
363.6000 	 0.246 	 
363.6000 	 0.246 	 
363.6000 	 0.246 	 
363.6000 	 0.246 	 
363.6000 	 0.246 	 
363.6000 	 0.246 	 
363.6000 	 0.246 	 
363.6000 	 0.246 	 
363.6000 	 0.246 	 
363.6000 	 0.246 	 
363.6000 	 0.246 	 
363.6000 	 0.246 	 
363.6000 	 0.246 	 
363.6000 	 0.246 	 
363.6000 	 0.246 	 
363.6000 	 0.246 	 
363.6000 	 0.246 	 
363.6000 	 0.246 	 
363.6000 	 0.246 	 
363.6000 	 0.246 	 
363.6000 	 0.246 	 
363.6000 	 0.246 	 
363.6000 	 0.246 	 
363.6000 	 0.246 	 
363.6000 	 0.246 	 
363.6000 	 0.246 	 
363.6000 	 0.246 	 
363.6000 	 0.246 	 
363.6000 	 0.246 	 
363.6000 	 0.246 	 
363.6000 	 0.246 	 
363.6000 	 0.246 	 
363.6000 	 0.246 	 
363.6000 	 0.246 	 
363.6000 	 0.246 	 
363.6000 	 0.246 	 
363.6000 	 0.246 	 
363.6000 	 0.246 	 
363.6000 	 0.246 	 
363.6000 	 0.246 	 
363.6000 	 0.246 	 
363.6000 	 0.246 	 
363.6000 	 0.246 	 
363.6000 	 0.246 	 
363.6000 	 0.246 	 
363.6000 	 0.246 	 
363.6000 	 0.246 	 
363.6000 	 0.246 	 
363.6000 	 0.246 	 
363.6000 	 0.246 	 
363.6000 	 0.246 	 
301863	1462.5 	 0.243 	 
1462.5 	 0.243 	 
1462.5 	 0.243 	 
1462.5 	 0.244 	 
1462.5 	 0.243 	 
1462.5 	 0.244 	 
1462.5 	 0.243 	 
1462.5 	 0.244 	 
1462.5 	 0.243 	 
1462.5 	 0.244 	 
1462.5 	 0.243 	 
1462.5 	 0.244 	 
1462.5 	 0.243 	 
1462.5 	 0.244 	 
1462.5 	 0.243 	 
1462.5 	 0.244 	 
1462.5 	 0.243 	 
1462.5 	 0.244 	 
1462.5 	 0.244 	 
1462.5 	 0.244 	 
1462.5 	 0.243 	 
1462.5 	 0.244 	 
1462.5 	 0.243 	 
1462.5 	 0.244 	 
1462.5 	 0.243 	 
1462.5 	 0.244 	 
1462.5 	 0.243 	 
1462.5 	 0.244 	 
1462.5 	 0.244 	 
1462.5 	 0.244 	 
1462.5 	 0.244 	 
1462.5 	 0.244 	 
1462.5 	 0.243 	 
1462.5 	 0.244 	 
1462.5 	 0.243 	 
1462.5 	 0.244 	 
1462.5 	 0.243 	 
1462.5 	 0.244 	 
1462.5 	 0.244 	 
1462.5 	 0.244 	 
1462.5 	 0.244 	 
1462.5 	 0.244 	 
1462.5 	 0.243 	 
1462.5 	 0.244 	 
1462.5 	 0.243 	 
1462.5 	 0.244 	 
1462.5 	 0.243 	 
1462.5 	 0.244 	 
1462.5 	 0.244 	 
1462.5 	 0.244 	 
1462.5 	 0.244 	 
1462.5 	 0.244 	 
1462.5 	 0.243 	 
1462.5 	 0.244 	 
1462.5 	 0.243 	 
1462.5 	 0.244 	 
1462.5 	 0.243 	 
1462.5 	 0.244 	 
1462.5 	 0.244 	 
1462.5 	 0.244 	 
1462.5 	 0.244 	 
1462.5 	 0.244 	 
301864	3382.5 	 0.242 	 
3382.5 	 0.242 	 
3382.5 	 0.242 	 
3382.5 	 0.242 	 
3382.5 	 0.242 	 
3382.5 	 0.242 	 
3382.5 	 0.242 	 
3382.5 	 0.242 	 
3382.5 	 0.242 	 
3382.5 	 0.242 	 
3382.5 	 0.242 	 
3382.5 	 0.242 	 
3382.5 	 0.242 	 
3382.5 	 0.242 	 
3382.5 	 0.242 	 
3382.5 	 0.242 	 
3382.5 	 0.242 	 
3382.5 	 0.242 	 
3382.5 	 0.242 	 
3382.5 	 0.242 	 
3382.5 	 0.242 	 
3382.5 	 0.242 	 
3382.5 	 0.242 	 
3382.5 	 0.242 	 
3382.5 	 0.242 	 
3382.5 	 0.242 	 
3382.5 	 0.242 	 
3382.5 	 0.242 	 
3382.5 	 0.242 	 
3382.5 	 0.242 	 
3382.5 	 0.242 	 
3382.5 	 0.242 	 
3382.5 	 0.242 	 
3382.5 	 0.242 	 
3382.5 	 0.242 	 
3382.5 	 0.242 	 
3382.5 	 0.242 	 
3382.5 	 0.242 	 
3382.5 	 0.242 	 
3382.5 	 0.242 	 
3382.5 	 0.242 	 
3382.5 	 0.242 	 
3382.5 	 0.242 	 
3382.5 	 0.242 	 
3382.5 	 0.242 	 
3382.5 	 0.242 	 
3382.5 	 0.242 	 
3382.5 	 0.242 	 
3382.5 	 0.242 	 
3382.5 	 0.243 	 
3382.5 	 0.242 	 
3382.5 	 0.242 	 
3382.5 	 0.242 	 
3382.5 	 0.242 	 
3382.5 	 0.242 	 
3382.5 	 0.242 	 
3382.5 	 0.242 	 
3382.5 	 0.242 	 
3382.5 	 0.242 	 
3382.5 	 0.243 	 
3382.5 	 0.242 	 
3382.5 	 0.242 	 
301865	86.99299 	 0.242 	 
86.99299 	 0.242 	 
86.99299 	 0.242 	 
86.99299 	 0.240 	 
86.99299 	 0.243 	 
86.99299 	 0.240 	 
86.99299 	 0.243 	 
86.99299 	 0.241 	 
86.99299 	 0.242 	 
86.99299 	 0.241 	 
86.99299 	 0.242 	 
86.99299 	 0.242 	 
86.99299 	 0.242 	 
86.99299 	 0.238 	 
86.99299 	 0.244 	 
86.99299 	 0.239 	 
86.99299 	 0.244 	 
86.99299 	 0.241 	 
86.99299 	 0.243 	 
86.99299 	 0.241 	 
86.99299 	 0.242 	 
86.99299 	 0.242 	 
86.99299 	 0.242 	 
86.99299 	 0.234 	 
86.99299 	 0.245 	 
86.99299 	 0.237 	 
86.99299 	 0.244 	 
86.99299 	 0.240 	 
86.99299 	 0.243 	 
86.99299 	 0.241 	 
86.99299 	 0.243 	 
86.99299 	 0.242 	 
86.99299 	 0.242 	 
86.99299 	 0.231 	 
86.99299 	 0.246 	 
86.99299 	 0.234 	 
86.99299 	 0.245 	 
86.99299 	 0.239 	 
86.99299 	 0.243 	 
86.99299 	 0.240 	 
86.99299 	 0.243 	 
86.99299 	 0.242 	 
86.99299 	 0.242 	 
86.99299 	 0.227 	 
86.99299 	 0.246 	 
86.99299 	 0.232 	 
86.99299 	 0.246 	 
86.99299 	 0.239 	 
86.99299 	 0.244 	 
86.99299 	 0.240 	 
86.99299 	 0.243 	 
86.99299 	 0.242 	 
86.99299 	 0.242 	 
86.99299 	 0.222 	 
86.99299 	 0.246 	 
86.99299 	 0.229 	 
86.99299 	 0.246 	 
86.99299 	 0.238 	 
86.99299 	 0.244 	 
86.99299 	 0.239 	 
86.99299 	 0.243 	 
86.99299 	 0.241 	 
301866	350.9500 	 0.236 	 
350.9500 	 0.236 	 
350.9500 	 0.236 	 
350.9500 	 0.233 	 
350.9500 	 0.238 	 
350.9500 	 0.234 	 
350.9500 	 0.238 	 
350.9500 	 0.235 	 
350.9500 	 0.236 	 
350.9500 	 0.235 	 
350.9500 	 0.236 	 
350.9500 	 0.236 	 
350.9500 	 0.236 	 
350.9500 	 0.231 	 
350.9500 	 0.239 	 
350.9500 	 0.232 	 
350.9500 	 0.239 	 
350.9500 	 0.235 	 
350.9500 	 0.237 	 
350.9500 	 0.235 	 
350.9500 	 0.237 	 
350.9500 	 0.236 	 
350.9500 	 0.236 	 
350.9500 	 0.228 	 
350.9500 	 0.241 	 
350.9500 	 0.230 	 
350.9500 	 0.240 	 
350.9500 	 0.234 	 
350.9500 	 0.237 	 
350.9500 	 0.235 	 
350.9500 	 0.237 	 
350.9500 	 0.236 	 
350.9500 	 0.236 	 
350.9500 	 0.224 	 
350.9500 	 0.242 	 
350.9500 	 0.228 	 
350.9500 	 0.241 	 
350.9500 	 0.234 	 
350.9500 	 0.238 	 
350.9500 	 0.234 	 
350.9500 	 0.238 	 
350.9500 	 0.236 	 
350.9500 	 0.236 	 
350.9500 	 0.220 	 
350.9500 	 0.242 	 
350.9500 	 0.225 	 
350.9500 	 0.241 	 
350.9500 	 0.234 	 
350.9500 	 0.238 	 
350.9500 	 0.233 	 
350.9500 	 0.238 	 
350.9500 	 0.236 	 
350.9500 	 0.236 	 
350.9500 	 0.216 	 
350.9500 	 0.243 	 
350.9500 	 0.222 	 
350.9500 	 0.242 	 
350.9500 	 0.233 	 
350.9500 	 0.239 	 
350.9500 	 0.233 	 
350.9500 	 0.239 	 
350.9500 	 0.236 	 
301867	824.2000 	 0.232 	 
824.2000 	 0.232 	 
824.2000 	 0.232 	 
824.2000 	 0.230 	 
824.2000 	 0.234 	 
824.2000 	 0.230 	 
824.2000 	 0.233 	 
824.2000 	 0.231 	 
824.2000 	 0.232 	 
824.2000 	 0.232 	 
824.2000 	 0.232 	 
824.2000 	 0.232 	 
824.2000 	 0.232 	 
824.2000 	 0.228 	 
824.2000 	 0.235 	 
824.2000 	 0.229 	 
824.2000 	 0.234 	 
824.2000 	 0.231 	 
824.2000 	 0.233 	 
824.2000 	 0.231 	 
824.2000 	 0.233 	 
824.2000 	 0.232 	 
824.2000 	 0.232 	 
824.2000 	 0.225 	 
824.2000 	 0.236 	 
824.2000 	 0.227 	 
824.2000 	 0.235 	 
824.2000 	 0.230 	 
824.2000 	 0.233 	 
824.2000 	 0.231 	 
824.2000 	 0.233 	 
824.2000 	 0.232 	 
824.2000 	 0.232 	 
824.2000 	 0.221 	 
824.2000 	 0.237 	 
824.2000 	 0.225 	 
824.2000 	 0.236 	 
824.2000 	 0.230 	 
824.2000 	 0.234 	 
824.2000 	 0.230 	 
824.2000 	 0.233 	 
824.2000 	 0.231 	 
824.2000 	 0.232 	 
824.2000 	 0.218 	 
824.2000 	 0.238 	 
824.2000 	 0.222 	 
824.2000 	 0.237 	 
824.2000 	 0.230 	 
824.2000 	 0.234 	 
824.2000 	 0.230 	 
824.2000 	 0.233 	 
824.2000 	 0.231 	 
824.2000 	 0.232 	 
824.2000 	 0.214 	 
824.2000 	 0.239 	 
824.2000 	 0.219 	 
824.2000 	 0.238 	 
824.2000 	 0.229 	 
824.2000 	 0.234 	 
824.2000 	 0.229 	 
824.2000 	 0.234 	 
824.2000 	 0.231 	 
301868	1645.300 	 0.212 	 
1645.300 	 0.212 	 
1645.300 	 0.212 	 
1645.300 	 0.210 	 
1645.300 	 0.213 	 
1645.300 	 0.211 	 
1645.300 	 0.213 	 
1645.300 	 0.211 	 
1645.300 	 0.212 	 
1645.300 	 0.211 	 
1645.300 	 0.212 	 
1645.300 	 0.212 	 
1645.300 	 0.212 	 
1645.300 	 0.208 	 
1645.300 	 0.214 	 
1645.300 	 0.209 	 
1645.300 	 0.214 	 
1645.300 	 0.211 	 
1645.300 	 0.212 	 
1645.300 	 0.211 	 
1645.300 	 0.212 	 
1645.300 	 0.212 	 
1645.300 	 0.212 	 
1645.300 	 0.206 	 
1645.300 	 0.216 	 
1645.300 	 0.208 	 
1645.300 	 0.215 	 
1645.300 	 0.211 	 
1645.300 	 0.212 	 
1645.300 	 0.211 	 
1645.300 	 0.212 	 
1645.300 	 0.212 	 
1645.300 	 0.212 	 
1645.300 	 0.204 	 
1645.300 	 0.216 	 
1645.300 	 0.206 	 
1645.300 	 0.216 	 
1645.300 	 0.210 	 
1645.300 	 0.213 	 
1645.300 	 0.211 	 
1645.300 	 0.212 	 
1645.300 	 0.212 	 
1645.300 	 0.212 	 
1645.300 	 0.202 	 
1645.300 	 0.217 	 
1645.300 	 0.204 	 
1645.300 	 0.217 	 
1645.300 	 0.210 	 
1645.300 	 0.213 	 
1645.300 	 0.211 	 
1645.300 	 0.213 	 
1645.300 	 0.212 	 
1645.300 	 0.212 	 
1645.300 	 0.199 	 
1645.300 	 0.218 	 
1645.300 	 0.202 	 
1645.300 	 0.217 	 
1645.300 	 0.209 	 
1645.300 	 0.213 	 
1645.300 	 0.211 	 
1645.300 	 0.213 	 
1645.300 	 0.212 	 
301883	249.3125 	 0.241 	 
249.3125 	 0.241 	 
249.3125 	 0.241 	 
249.3125 	 0.241 	 
249.3125 	 0.241 	 
249.3125 	 0.241 	 
249.3125 	 0.241 	 
249.3125 	 0.241 	 
249.3125 	 0.241 	 
249.3125 	 0.241 	 
249.3125 	 0.241 	 
249.3125 	 0.241 	 
249.3125 	 0.241 	 
249.3125 	 0.241 	 
249.3125 	 0.241 	 
249.3125 	 0.241 	 
249.3125 	 0.241 	 
249.3125 	 0.241 	 
249.3125 	 0.241 	 
249.3125 	 0.241 	 
249.3125 	 0.241 	 
249.3125 	 0.241 	 
249.3125 	 0.241 	 
249.3125 	 0.241 	 
249.3125 	 0.241 	 
249.3125 	 0.241 	 
249.3125 	 0.241 	 
249.3125 	 0.241 	 
249.3125 	 0.241 	 
249.3125 	 0.241 	 
249.3125 	 0.241 	 
249.3125 	 0.241 	 
249.3125 	 0.241 	 
249.3125 	 0.241 	 
249.3125 	 0.241 	 
249.3125 	 0.241 	 
249.3125 	 0.241 	 
249.3125 	 0.241 	 
249.3125 	 0.241 	 
249.3125 	 0.241 	 
249.3125 	 0.241 	 
249.3125 	 0.241 	 
249.3125 	 0.241 	 
249.3125 	 0.241 	 
249.3125 	 0.241 	 
249.3125 	 0.241 	 
249.3125 	 0.241 	 
249.3125 	 0.241 	 
249.3125 	 0.241 	 
249.3125 	 0.241 	 
249.3125 	 0.241 	 
249.3125 	 0.241 	 
249.3125 	 0.241 	 
249.3125 	 0.241 	 
249.3125 	 0.241 	 
249.3125 	 0.241 	 
249.3125 	 0.241 	 
249.3125 	 0.241 	 
249.3125 	 0.241 	 
249.3125 	 0.241 	 
249.3125 	 0.241 	 
249.3125 	 0.241 	 
301884	1000.724 	 0.243 	 
1000.724 	 0.243 	 
1000.724 	 0.243 	 
1000.724 	 0.243 	 
1000.724 	 0.243 	 
1000.724 	 0.243 	 
1000.724 	 0.243 	 
1000.724 	 0.243 	 
1000.724 	 0.243 	 
1000.724 	 0.243 	 
1000.724 	 0.243 	 
1000.724 	 0.243 	 
1000.724 	 0.243 	 
1000.724 	 0.243 	 
1000.724 	 0.243 	 
1000.724 	 0.243 	 
1000.724 	 0.243 	 
1000.724 	 0.243 	 
1000.724 	 0.243 	 
1000.724 	 0.243 	 
1000.724 	 0.243 	 
1000.724 	 0.243 	 
1000.724 	 0.243 	 
1000.724 	 0.243 	 
1000.724 	 0.243 	 
1000.724 	 0.243 	 
1000.724 	 0.243 	 
1000.724 	 0.243 	 
1000.724 	 0.243 	 
1000.724 	 0.243 	 
1000.724 	 0.243 	 
1000.724 	 0.243 	 
1000.724 	 0.243 	 
1000.724 	 0.243 	 
1000.724 	 0.243 	 
1000.724 	 0.243 	 
1000.724 	 0.243 	 
1000.724 	 0.243 	 
1000.724 	 0.243 	 
1000.724 	 0.243 	 
1000.724 	 0.243 	 
1000.724 	 0.243 	 
1000.724 	 0.243 	 
1000.724 	 0.243 	 
1000.724 	 0.243 	 
1000.724 	 0.243 	 
1000.724 	 0.243 	 
1000.724 	 0.243 	 
1000.724 	 0.243 	 
1000.724 	 0.243 	 
1000.724 	 0.243 	 
1000.724 	 0.243 	 
1000.724 	 0.243 	 
1000.724 	 0.243 	 
1000.724 	 0.243 	 
1000.724 	 0.243 	 
1000.724 	 0.243 	 
1000.724 	 0.243 	 
1000.724 	 0.243 	 
1000.724 	 0.243 	 
1000.724 	 0.243 	 
1000.724 	 0.242 	 
301885	2335.375 	 0.242 	 
2335.375 	 0.242 	 
2335.375 	 0.242 	 
2335.375 	 0.242 	 
2335.375 	 0.242 	 
2335.375 	 0.242 	 
2335.375 	 0.242 	 
2335.375 	 0.242 	 
2335.375 	 0.242 	 
2335.375 	 0.242 	 
2335.375 	 0.242 	 
2335.375 	 0.242 	 
2335.375 	 0.242 	 
2335.375 	 0.242 	 
2335.375 	 0.242 	 
2335.375 	 0.242 	 
2335.375 	 0.242 	 
2335.375 	 0.242 	 
2335.375 	 0.242 	 
2335.375 	 0.242 	 
2335.375 	 0.242 	 
2335.375 	 0.242 	 
2335.375 	 0.242 	 
2335.375 	 0.242 	 
2335.375 	 0.242 	 
2335.375 	 0.242 	 
2335.375 	 0.242 	 
2335.375 	 0.242 	 
2335.375 	 0.242 	 
2335.375 	 0.242 	 
2335.375 	 0.242 	 
2335.375 	 0.242 	 
2335.375 	 0.242 	 
2335.375 	 0.242 	 
2335.375 	 0.242 	 
2335.375 	 0.242 	 
2335.375 	 0.242 	 
2335.375 	 0.242 	 
2335.375 	 0.242 	 
2335.375 	 0.242 	 
2335.375 	 0.242 	 
2335.375 	 0.242 	 
2335.375 	 0.242 	 
2335.375 	 0.242 	 
2335.375 	 0.242 	 
2335.375 	 0.242 	 
2335.375 	 0.242 	 
2335.375 	 0.242 	 
2335.375 	 0.242 	 
2335.375 	 0.242 	 
2335.375 	 0.242 	 
2335.375 	 0.242 	 
2335.375 	 0.242 	 
2335.375 	 0.242 	 
2335.375 	 0.242 	 
2335.375 	 0.242 	 
2335.375 	 0.242 	 
2335.375 	 0.242 	 
2335.375 	 0.242 	 
2335.375 	 0.242 	 
2335.375 	 0.242 	 
2335.375 	 0.242 	 
301886	4521.875 	 0.227 	 
4521.875 	 0.227 	 
4521.875 	 0.227 	 
4521.875 	 0.227 	 
4521.875 	 0.226 	 
4521.875 	 0.227 	 
4521.875 	 0.227 	 
4521.875 	 0.227 	 
4521.875 	 0.227 	 
4521.875 	 0.227 	 
4521.875 	 0.226 	 
4521.875 	 0.227 	 
4521.875 	 0.227 	 
4521.875 	 0.226 	 
4521.875 	 0.226 	 
4521.875 	 0.226 	 
4521.875 	 0.227 	 
4521.875 	 0.227 	 
4521.875 	 0.227 	 
4521.875 	 0.227 	 
4521.875 	 0.226 	 
4521.875 	 0.227 	 
4521.875 	 0.227 	 
4521.875 	 0.226 	 
4521.875 	 0.226 	 
4521.875 	 0.226 	 
4521.875 	 0.227 	 
4521.875 	 0.227 	 
4521.875 	 0.227 	 
4521.875 	 0.227 	 
4521.875 	 0.226 	 
4521.875 	 0.227 	 
4521.875 	 0.227 	 
4521.875 	 0.226 	 
4521.875 	 0.227 	 
4521.875 	 0.226 	 
4521.875 	 0.226 	 
4521.875 	 0.227 	 
4521.875 	 0.227 	 
4521.875 	 0.227 	 
4521.875 	 0.226 	 
4521.875 	 0.227 	 
4521.875 	 0.227 	 
4521.875 	 0.226 	 
4521.875 	 0.227 	 
4521.875 	 0.226 	 
4521.875 	 0.227 	 
4521.875 	 0.227 	 
4521.875 	 0.227 	 
4521.875 	 0.227 	 
4521.875 	 0.226 	 
4521.875 	 0.227 	 
4521.875 	 0.227 	 
4521.875 	 0.226 	 
4521.875 	 0.226 	 
4521.875 	 0.226 	 
4521.875 	 0.227 	 
4521.875 	 0.227 	 
4521.875 	 0.227 	 
4521.875 	 0.227 	 
4521.875 	 0.226 	 
4521.875 	 0.226 	 
304966	146875.0 	 0.008 	 
146875.0 	 0.007 	 
146875.0 	 0.008 	 
146875.0 	 0.008 	 
146875.0 	 0.007 	 
146875.0 	 0.008 	 
146875.0 	 0.007 	 
146875.0 	 0.008 	 
146875.0 	 0.007 	 
146875.0 	 0.008 	 
146875.0 	 0.007 	 
146875.0 	 0.007 	 
146875.0 	 0.008 	 
146875.0 	 0.008 	 
146875.0 	 0.007 	 
146875.0 	 0.008 	 
146875.0 	 0.007 	 
146875.0 	 0.008 	 
146875.0 	 0.007 	 
146875.0 	 0.008 	 
146875.0 	 0.007 	 
146875.0 	 0.007 	 
146875.0 	 0.008 	 
146875.0 	 0.009 	 
146875.0 	 0.007 	 
146875.0 	 0.008 	 
146875.0 	 0.007 	 
146875.0 	 0.008 	 
146875.0 	 0.007 	 
146875.0 	 0.009 	 
146875.0 	 0.007 	 
146875.0 	 0.007 	 
146875.0 	 0.008 	 
146875.0 	 0.01 	 
146875.0 	 0.006 	 
146875.0 	 0.008 	 
146875.0 	 0.007 	 
146875.0 	 0.008 	 
146875.0 	 0.007 	 
146875.0 	 0.009 	 
146875.0 	 0.006 	 
146875.0 	 0.007 	 
146875.0 	 0.008 	 
146875.0 	 0.010 	 
146875.0 	 0.006 	 
146875.0 	 0.008 	 
146875.0 	 0.007 	 
146875.0 	 0.008 	 
146875.0 	 0.007 	 
146875.0 	 0.010 	 
146875.0 	 0.006 	 
146875.0 	 0.007 	 
146875.0 	 0.008 	 
146875.0 	 0.011 	 
146875.0 	 0.006 	 
146875.0 	 0.008 	 
146875.0 	 0.007 	 
146875.0 	 0.008 	 
146875.0 	 0.007 	 
146875.0 	 0.011 	 
146875.0 	 0.006 	 
146875.0 	 0.008 	 
304967	330600.0 	 0.009 	 
330600.0 	 0.009 	 
330600.0 	 0.009 	 
330600.0 	 0.009 	 
330600.0 	 0.008 	 
330600.0 	 0.009 	 
330600.0 	 0.009 	 
330600.0 	 0.009 	 
330600.0 	 0.009 	 
330600.0 	 0.009 	 
330600.0 	 0.008 	 
330600.0 	 0.009 	 
330600.0 	 0.009 	 
330600.0 	 0.010 	 
330600.0 	 0.008 	 
330600.0 	 0.009 	 
330600.0 	 0.009 	 
330600.0 	 0.009 	 
330600.0 	 0.009 	 
330600.0 	 0.010 	 
330600.0 	 0.008 	 
330600.0 	 0.009 	 
330600.0 	 0.009 	 
330600.0 	 0.011 	 
330600.0 	 0.008 	 
330600.0 	 0.009 	 
330600.0 	 0.008 	 
330600.0 	 0.009 	 
330600.0 	 0.009 	 
330600.0 	 0.011 	 
330600.0 	 0.008 	 
330600.0 	 0.009 	 
330600.0 	 0.009 	 
330600.0 	 0.011 	 
330600.0 	 0.007 	 
330600.0 	 0.009 	 
330600.0 	 0.008 	 
330600.0 	 0.009 	 
330600.0 	 0.009 	 
330600.0 	 0.011 	 
330600.0 	 0.008 	 
330600.0 	 0.009 	 
330600.0 	 0.009 	 
330600.0 	 0.012 	 
330600.0 	 0.007 	 
330600.0 	 0.010 	 
330600.0 	 0.008 	 
330600.0 	 0.009 	 
330600.0 	 0.008 	 
330600.0 	 0.012 	 
330600.0 	 0.007 	 
330600.0 	 0.009 	 
330600.0 	 0.009 	 
330600.0 	 0.013 	 
330600.0 	 0.007 	 
330600.0 	 0.010 	 
330600.0 	 0.008 	 
330600.0 	 0.010 	 
330600.0 	 0.008 	 
330600.0 	 0.013 	 
330600.0 	 0.007 	 
330600.0 	 0.009 	 
304968	58978.75 	 0.144 	 
58978.75 	 0.143 	 
58978.75 	 0.144 	 
58978.75 	 0.146 	 
58978.75 	 0.141 	 
58978.75 	 0.145 	 
58978.75 	 0.143 	 
58978.75 	 0.144 	 
58978.75 	 0.143 	 
58978.75 	 0.146 	 
58978.75 	 0.141 	 
58978.75 	 0.143 	 
58978.75 	 0.145 	 
58978.75 	 0.149 	 
58978.75 	 0.137 	 
58978.75 	 0.146 	 
58978.75 	 0.142 	 
58978.75 	 0.145 	 
58978.75 	 0.142 	 
58978.75 	 0.149 	 
58978.75 	 0.138 	 
58978.75 	 0.142 	 
58978.75 	 0.145 	 
58978.75 	 0.152 	 
58978.75 	 0.133 	 
58978.75 	 0.146 	 
58978.75 	 0.141 	 
58978.75 	 0.146 	 
58978.75 	 0.141 	 
58978.75 	 0.151 	 
58978.75 	 0.134 	 
58978.75 	 0.142 	 
58978.75 	 0.146 	 
58978.75 	 0.155 	 
58978.75 	 0.130 	 
58978.75 	 0.147 	 
58978.75 	 0.140 	 
58978.75 	 0.147 	 
58978.75 	 0.140 	 
58978.75 	 0.153 	 
58978.75 	 0.130 	 
58978.75 	 0.141 	 
58978.75 	 0.146 	 
58978.75 	 0.157 	 
58978.75 	 0.125 	 
58978.75 	 0.148 	 
58978.75 	 0.138 	 
58978.75 	 0.148 	 
58978.75 	 0.139 	 
58978.75 	 0.156 	 
58978.75 	 0.127 	 
58978.75 	 0.141 	 
58978.75 	 0.146 	 
58978.75 	 0.159 	 
58978.75 	 0.120 	 
58978.75 	 0.150 	 
58978.75 	 0.136 	 
58978.75 	 0.149 	 
58978.75 	 0.138 	 
58978.75 	 0.158 	 
58978.75 	 0.123 	 
58978.75 	 0.142 	 
304969	132750.0 	 0.143 	 
132750.0 	 0.142 	 
132750.0 	 0.143 	 
132750.0 	 0.146 	 
132750.0 	 0.139 	 
132750.0 	 0.144 	 
132750.0 	 0.142 	 
132750.0 	 0.143 	 
132750.0 	 0.142 	 
132750.0 	 0.145 	 
132750.0 	 0.140 	 
132750.0 	 0.142 	 
132750.0 	 0.143 	 
132750.0 	 0.149 	 
132750.0 	 0.136 	 
132750.0 	 0.145 	 
132750.0 	 0.141 	 
132750.0 	 0.144 	 
132750.0 	 0.141 	 
132750.0 	 0.148 	 
132750.0 	 0.136 	 
132750.0 	 0.141 	 
132750.0 	 0.144 	 
132750.0 	 0.151 	 
132750.0 	 0.132 	 
132750.0 	 0.146 	 
132750.0 	 0.139 	 
132750.0 	 0.145 	 
132750.0 	 0.140 	 
132750.0 	 0.150 	 
132750.0 	 0.141 	 
132750.0 	 0.144 	 
132750.0 	 0.154 	 
132750.0 	 0.147 	 
132750.0 	 0.138 	 
132750.0 	 0.146 	 
132750.0 	 0.139 	 
132750.0 	 0.152 	 
132750.0 	 0.140 	 
132750.0 	 0.145 	 
132750.0 	 0.156 	 
132750.0 	 0.148 	 
132750.0 	 0.137 	 
132750.0 	 0.146 	 
132750.0 	 0.138 	 
132750.0 	 0.155 	 
132750.0 	 0.139 	 
132750.0 	 0.145 	 
132750.0 	 0.157 	 
132750.0 	 0.149 	 
132750.0 	 0.136 	 
132750.0 	 0.147 	 
132750.0 	 0.137 	 
132750.0 	 0.156 	 
132750.0 	 0.140 	 
132750.0 	 0.133 	 
132750.0 	 0.127 	 
132750.0 	 0.129 	 
132750.0 	 0.123 	 
132750.0 	 0.125 	 
132750.0 	 0.119 	 
132750.0 	 0.121 	 
304970	236287.5 	 0.139 	 
236287.5 	 0.139 	 
236287.5 	 0.139 	 
236287.5 	 0.142 	 
236287.5 	 0.136 	 
236287.5 	 0.140 	 
236287.5 	 0.138 	 
236287.5 	 0.140 	 
236287.5 	 0.138 	 
236287.5 	 0.141 	 
236287.5 	 0.136 	 
236287.5 	 0.138 	 
236287.5 	 0.140 	 
236287.5 	 0.145 	 
236287.5 	 0.132 	 
236287.5 	 0.141 	 
236287.5 	 0.137 	 
236287.5 	 0.141 	 
236287.5 	 0.137 	 
236287.5 	 0.144 	 
236287.5 	 0.133 	 
236287.5 	 0.138 	 
236287.5 	 0.141 	 
236287.5 	 0.147 	 
236287.5 	 0.142 	 
236287.5 	 0.136 	 
236287.5 	 0.141 	 
236287.5 	 0.136 	 
236287.5 	 0.146 	 
236287.5 	 0.129 	 
236287.5 	 0.137 	 
236287.5 	 0.141 	 
236287.5 	 0.150 	 
236287.5 	 0.143 	 
236287.5 	 0.134 	 
236287.5 	 0.142 	 
236287.5 	 0.136 	 
236287.5 	 0.149 	 
236287.5 	 0.136 	 
236287.5 	 0.141 	 
236287.5 	 0.153 	 
236287.5 	 0.144 	 
236287.5 	 0.133 	 
236287.5 	 0.142 	 
236287.5 	 0.135 	 
236287.5 	 0.151 	 
236287.5 	 0.136 	 
236287.5 	 0.141 	 
236287.5 	 0.155 	 
236287.5 	 0.145 	 
236287.5 	 0.132 	 
236287.5 	 0.143 	 
236287.5 	 0.134 	 
236287.5 	 0.154 	 
236287.5 	 0.138 	 
236287.5 	 0.128 	 
236287.5 	 0.124 	 
236287.5 	 0.126 	 
236287.5 	 0.119 	 
236287.5 	 0.122 	 
236287.5 	 0.115 	 
236287.5 	 0.118 	 
304971	535662.5 	 0.130 	 
535662.5 	 0.129 	 
535662.5 	 0.130 	 
535662.5 	 0.132 	 
535662.5 	 0.127 	 
535662.5 	 0.131 	 
535662.5 	 0.128 	 
535662.5 	 0.131 	 
535662.5 	 0.129 	 
535662.5 	 0.132 	 
535662.5 	 0.127 	 
535662.5 	 0.129 	 
535662.5 	 0.131 	 
535662.5 	 0.135 	 
535662.5 	 0.124 	 
535662.5 	 0.132 	 
535662.5 	 0.127 	 
535662.5 	 0.131 	 
535662.5 	 0.128 	 
535662.5 	 0.134 	 
535662.5 	 0.125 	 
535662.5 	 0.129 	 
535662.5 	 0.131 	 
535662.5 	 0.138 	 
535662.5 	 0.121 	 
535662.5 	 0.133 	 
535662.5 	 0.127 	 
535662.5 	 0.132 	 
535662.5 	 0.127 	 
535662.5 	 0.137 	 
535662.5 	 0.122 	 
535662.5 	 0.128 	 
535662.5 	 0.132 	 
535662.5 	 0.141 	 
535662.5 	 0.117 	 
535662.5 	 0.133 	 
535662.5 	 0.126 	 
535662.5 	 0.133 	 
535662.5 	 0.126 	 
535662.5 	 0.140 	 
535662.5 	 0.119 	 
535662.5 	 0.127 	 
535662.5 	 0.132 	 
535662.5 	 0.144 	 
535662.5 	 0.113 	 
535662.5 	 0.134 	 
535662.5 	 0.125 	 
535662.5 	 0.133 	 
535662.5 	 0.125 	 
535662.5 	 0.142 	 
535662.5 	 0.116 	 
535662.5 	 0.127 	 
535662.5 	 0.132 	 
535662.5 	 0.146 	 
535662.5 	 0.109 	 
535662.5 	 0.135 	 
535662.5 	 0.123 	 
535662.5 	 0.134 	 
535662.5 	 0.125 	 
535662.5 	 0.144 	 
535662.5 	 0.113 	 
535662.5 	 0.129 	 
304972	27878.75 	 0.207 	 
27878.75 	 0.207 	 
27878.75 	 0.207 	 
27878.75 	 0.208 	 
27878.75 	 0.206 	 
27878.75 	 0.207 	 
27878.75 	 0.206 	 
27878.75 	 0.207 	 
27878.75 	 0.207 	 
27878.75 	 0.208 	 
27878.75 	 0.206 	 
27878.75 	 0.207 	 
27878.75 	 0.207 	 
27878.75 	 0.210 	 
27878.75 	 0.205 	 
27878.75 	 0.208 	 
27878.75 	 0.206 	 
27878.75 	 0.208 	 
27878.75 	 0.206 	 
27878.75 	 0.209 	 
27878.75 	 0.205 	 
27878.75 	 0.206 	 
27878.75 	 0.208 	 
27878.75 	 0.211 	 
27878.75 	 0.203 	 
27878.75 	 0.209 	 
27878.75 	 0.206 	 
27878.75 	 0.208 	 
27878.75 	 0.206 	 
27878.75 	 0.211 	 
27878.75 	 0.204 	 
27878.75 	 0.206 	 
27878.75 	 0.208 	 
27878.75 	 0.212 	 
27878.75 	 0.201 	 
27878.75 	 0.209 	 
27878.75 	 0.205 	 
27878.75 	 0.208 	 
27878.75 	 0.206 	 
27878.75 	 0.212 	 
27878.75 	 0.202 	 
27878.75 	 0.206 	 
27878.75 	 0.208 	 
27878.75 	 0.213 	 
27878.75 	 0.200 	 
27878.75 	 0.209 	 
27878.75 	 0.205 	 
27878.75 	 0.209 	 
27878.75 	 0.205 	 
27878.75 	 0.212 	 
27878.75 	 0.201 	 
27878.75 	 0.206 	 
27878.75 	 0.208 	 
27878.75 	 0.214 	 
27878.75 	 0.199 	 
27878.75 	 0.210 	 
27878.75 	 0.205 	 
27878.75 	 0.209 	 
27878.75 	 0.205 	 
27878.75 	 0.213 	 
27878.75 	 0.200 	 
27878.75 	 0.207 	 
304973	62778.75 	 0.204 	 
62778.75 	 0.204 	 
62778.75 	 0.204 	 
62778.75 	 0.205 	 
62778.75 	 0.203 	 
62778.75 	 0.204 	 
62778.75 	 0.203 	 
62778.75 	 0.204 	 
62778.75 	 0.203 	 
62778.75 	 0.205 	 
62778.75 	 0.203 	 
62778.75 	 0.203 	 
62778.75 	 0.204 	 
62778.75 	 0.206 	 
62778.75 	 0.201 	 
62778.75 	 0.205 	 
62778.75 	 0.203 	 
62778.75 	 0.204 	 
62778.75 	 0.203 	 
62778.75 	 0.206 	 
62778.75 	 0.202 	 
62778.75 	 0.203 	 
62778.75 	 0.204 	 
62778.75 	 0.207 	 
62778.75 	 0.200 	 
62778.75 	 0.205 	 
62778.75 	 0.203 	 
62778.75 	 0.204 	 
62778.75 	 0.203 	 
62778.75 	 0.206 	 
62778.75 	 0.201 	 
62778.75 	 0.203 	 
62778.75 	 0.204 	 
62778.75 	 0.208 	 
62778.75 	 0.199 	 
62778.75 	 0.205 	 
62778.75 	 0.202 	 
62778.75 	 0.205 	 
62778.75 	 0.203 	 
62778.75 	 0.207 	 
62778.75 	 0.200 	 
62778.75 	 0.203 	 
62778.75 	 0.205 	 
62778.75 	 0.209 	 
62778.75 	 0.198 	 
62778.75 	 0.206 	 
62778.75 	 0.202 	 
62778.75 	 0.205 	 
62778.75 	 0.202 	 
62778.75 	 0.208 	 
62778.75 	 0.199 	 
62778.75 	 0.203 	 
62778.75 	 0.205 	 
62778.75 	 0.210 	 
62778.75 	 0.197 	 
62778.75 	 0.206 	 
62778.75 	 0.201 	 
62778.75 	 0.205 	 
62778.75 	 0.202 	 
62778.75 	 0.209 	 
62778.75 	 0.198 	 
62778.75 	 0.204 	 
304974	111741.2 	 0.205 	 
111741.2 	 0.205 	 
111741.2 	 0.205 	 
111741.2 	 0.206 	 
111741.2 	 0.203 	 
111741.2 	 0.206 	 
111741.2 	 0.204 	 
111741.2 	 0.205 	 
111741.2 	 0.205 	 
111741.2 	 0.206 	 
111741.2 	 0.204 	 
111741.2 	 0.205 	 
111741.2 	 0.205 	 
111741.2 	 0.207 	 
111741.2 	 0.202 	 
111741.2 	 0.206 	 
111741.2 	 0.204 	 
111741.2 	 0.206 	 
111741.2 	 0.204 	 
111741.2 	 0.207 	 
111741.2 	 0.203 	 
111741.2 	 0.204 	 
111741.2 	 0.205 	 
111741.2 	 0.208 	 
111741.2 	 0.201 	 
111741.2 	 0.206 	 
111741.2 	 0.203 	 
111741.2 	 0.206 	 
111741.2 	 0.204 	 
111741.2 	 0.208 	 
111741.2 	 0.202 	 
111741.2 	 0.204 	 
111741.2 	 0.205 	 
111741.2 	 0.210 	 
111741.2 	 0.200 	 
111741.2 	 0.207 	 
111741.2 	 0.203 	 
111741.2 	 0.206 	 
111741.2 	 0.204 	 
111741.2 	 0.209 	 
111741.2 	 0.201 	 
111741.2 	 0.204 	 
111741.2 	 0.205 	 
111741.2 	 0.211 	 
111741.2 	 0.198 	 
111741.2 	 0.207 	 
111741.2 	 0.203 	 
111741.2 	 0.207 	 
111741.2 	 0.203 	 
111741.2 	 0.210 	 
111741.2 	 0.200 	 
111741.2 	 0.204 	 
111741.2 	 0.206 	 
111741.2 	 0.212 	 
111741.2 	 0.197 	 
111741.2 	 0.207 	 
111741.2 	 0.202 	 
111741.2 	 0.207 	 
111741.2 	 0.203 	 
111741.2 	 0.211 	 
111741.2 	 0.198 	 
111741.2 	 0.205 	 
304975	253687.5 	 0.195 	 
253687.5 	 0.195 	 
253687.5 	 0.195 	 
253687.5 	 0.197 	 
253687.5 	 0.194 	 
253687.5 	 0.196 	 
253687.5 	 0.194 	 
253687.5 	 0.196 	 
253687.5 	 0.195 	 
253687.5 	 0.197 	 
253687.5 	 0.194 	 
253687.5 	 0.195 	 
253687.5 	 0.196 	 
253687.5 	 0.198 	 
253687.5 	 0.193 	 
253687.5 	 0.196 	 
253687.5 	 0.194 	 
253687.5 	 0.196 	 
253687.5 	 0.195 	 
253687.5 	 0.198 	 
253687.5 	 0.193 	 
253687.5 	 0.195 	 
253687.5 	 0.196 	 
253687.5 	 0.199 	 
253687.5 	 0.191 	 
253687.5 	 0.197 	 
253687.5 	 0.194 	 
253687.5 	 0.196 	 
253687.5 	 0.195 	 
253687.5 	 0.199 	 
253687.5 	 0.192 	 
253687.5 	 0.195 	 
253687.5 	 0.196 	 
253687.5 	 0.200 	 
253687.5 	 0.190 	 
253687.5 	 0.197 	 
253687.5 	 0.194 	 
253687.5 	 0.197 	 
253687.5 	 0.194 	 
253687.5 	 0.200 	 
253687.5 	 0.191 	 
253687.5 	 0.194 	 
253687.5 	 0.196 	 
253687.5 	 0.202 	 
253687.5 	 0.189 	 
253687.5 	 0.198 	 
253687.5 	 0.193 	 
253687.5 	 0.197 	 
253687.5 	 0.194 	 
253687.5 	 0.201 	 
253687.5 	 0.190 	 
253687.5 	 0.194 	 
253687.5 	 0.196 	 
253687.5 	 0.203 	 
253687.5 	 0.187 	 
253687.5 	 0.198 	 
253687.5 	 0.193 	 
253687.5 	 0.197 	 
253687.5 	 0.194 	 
253687.5 	 0.202 	 
253687.5 	 0.188 	 
253687.5 	 0.195 	 
304976	14797.5 	 0.225 	 
14797.5 	 0.225 	 
14797.5 	 0.225 	 
14797.5 	 0.225 	 
14797.5 	 0.224 	 
14797.5 	 0.225 	 
14797.5 	 0.224 	 
14797.5 	 0.225 	 
14797.5 	 0.224 	 
14797.5 	 0.225 	 
14797.5 	 0.224 	 
14797.5 	 0.224 	 
14797.5 	 0.225 	 
14797.5 	 0.226 	 
14797.5 	 0.223 	 
14797.5 	 0.225 	 
14797.5 	 0.224 	 
14797.5 	 0.225 	 
14797.5 	 0.224 	 
14797.5 	 0.226 	 
14797.5 	 0.224 	 
14797.5 	 0.224 	 
14797.5 	 0.225 	 
14797.5 	 0.227 	 
14797.5 	 0.223 	 
14797.5 	 0.225 	 
14797.5 	 0.224 	 
14797.5 	 0.225 	 
14797.5 	 0.224 	 
14797.5 	 0.227 	 
14797.5 	 0.223 	 
14797.5 	 0.224 	 
14797.5 	 0.225 	 
14797.5 	 0.227 	 
14797.5 	 0.222 	 
14797.5 	 0.226 	 
14797.5 	 0.224 	 
14797.5 	 0.225 	 
14797.5 	 0.224 	 
14797.5 	 0.227 	 
14797.5 	 0.223 	 
14797.5 	 0.224 	 
14797.5 	 0.225 	 
14797.5 	 0.228 	 
14797.5 	 0.221 	 
14797.5 	 0.226 	 
14797.5 	 0.223 	 
14797.5 	 0.226 	 
14797.5 	 0.224 	 
14797.5 	 0.227 	 
14797.5 	 0.222 	 
14797.5 	 0.224 	 
14797.5 	 0.225 	 
14797.5 	 0.228 	 
14797.5 	 0.220 	 
14797.5 	 0.226 	 
14797.5 	 0.223 	 
14797.5 	 0.226 	 
14797.5 	 0.224 	 
14797.5 	 0.228 	 
14797.5 	 0.221 	 
14797.5 	 0.225 	 
304977	33306.25 	 0.226 	 
33306.25 	 0.226 	 
33306.25 	 0.226 	 
33306.25 	 0.227 	 
33306.25 	 0.225 	 
33306.25 	 0.226 	 
33306.25 	 0.226 	 
33306.25 	 0.226 	 
33306.25 	 0.226 	 
33306.25 	 0.227 	 
33306.25 	 0.225 	 
33306.25 	 0.226 	 
33306.25 	 0.226 	 
33306.25 	 0.227 	 
33306.25 	 0.225 	 
33306.25 	 0.226 	 
33306.25 	 0.226 	 
33306.25 	 0.226 	 
33306.25 	 0.226 	 
33306.25 	 0.227 	 
33306.25 	 0.225 	 
33306.25 	 0.226 	 
33306.25 	 0.226 	 
33306.25 	 0.228 	 
33306.25 	 0.224 	 
33306.25 	 0.227 	 
33306.25 	 0.225 	 
33306.25 	 0.227 	 
33306.25 	 0.226 	 
33306.25 	 0.228 	 
33306.25 	 0.224 	 
33306.25 	 0.226 	 
33306.25 	 0.226 	 
33306.25 	 0.229 	 
33306.25 	 0.223 	 
33306.25 	 0.227 	 
33306.25 	 0.225 	 
33306.25 	 0.227 	 
33306.25 	 0.225 	 
33306.25 	 0.228 	 
33306.25 	 0.224 	 
33306.25 	 0.226 	 
33306.25 	 0.226 	 
33306.25 	 0.229 	 
33306.25 	 0.222 	 
33306.25 	 0.227 	 
33306.25 	 0.225 	 
33306.25 	 0.227 	 
33306.25 	 0.225 	 
33306.25 	 0.229 	 
33306.25 	 0.223 	 
33306.25 	 0.226 	 
33306.25 	 0.226 	 
33306.25 	 0.230 	 
33306.25 	 0.222 	 
33306.25 	 0.227 	 
33306.25 	 0.224 	 
33306.25 	 0.227 	 
33306.25 	 0.225 	 
33306.25 	 0.229 	 
33306.25 	 0.222 	 
33306.25 	 0.227 	 
304978	59316.25 	 0.221 	 
59316.25 	 0.221 	 
59316.25 	 0.221 	 
59316.25 	 0.222 	 
59316.25 	 0.221 	 
59316.25 	 0.221 	 
59316.25 	 0.221 	 
59316.25 	 0.221 	 
59316.25 	 0.221 	 
59316.25 	 0.221 	 
59316.25 	 0.221 	 
59316.25 	 0.221 	 
59316.25 	 0.221 	 
59316.25 	 0.222 	 
59316.25 	 0.220 	 
59316.25 	 0.221 	 
59316.25 	 0.221 	 
59316.25 	 0.221 	 
59316.25 	 0.221 	 
59316.25 	 0.222 	 
59316.25 	 0.220 	 
59316.25 	 0.221 	 
59316.25 	 0.221 	 
59316.25 	 0.223 	 
59316.25 	 0.219 	 
59316.25 	 0.222 	 
59316.25 	 0.221 	 
59316.25 	 0.221 	 
59316.25 	 0.221 	 
59316.25 	 0.222 	 
59316.25 	 0.219 	 
59316.25 	 0.221 	 
59316.25 	 0.221 	 
59316.25 	 0.223 	 
59316.25 	 0.218 	 
59316.25 	 0.222 	 
59316.25 	 0.220 	 
59316.25 	 0.221 	 
59316.25 	 0.221 	 
59316.25 	 0.223 	 
59316.25 	 0.219 	 
59316.25 	 0.221 	 
59316.25 	 0.221 	 
59316.25 	 0.224 	 
59316.25 	 0.217 	 
59316.25 	 0.222 	 
59316.25 	 0.220 	 
59316.25 	 0.221 	 
59316.25 	 0.221 	 
59316.25 	 0.223 	 
59316.25 	 0.218 	 
59316.25 	 0.221 	 
59316.25 	 0.221 	 
59316.25 	 0.224 	 
59316.25 	 0.216 	 
59316.25 	 0.222 	 
59316.25 	 0.220 	 
59316.25 	 0.222 	 
59316.25 	 0.220 	 
59316.25 	 0.224 	 
59316.25 	 0.218 	 
59316.25 	 0.221 	 
304979	134912.5 	 0.221 	 
134912.5 	 0.221 	 
134912.5 	 0.221 	 
134912.5 	 0.222 	 
134912.5 	 0.220 	 
134912.5 	 0.221 	 
134912.5 	 0.221 	 
134912.5 	 0.221 	 
134912.5 	 0.221 	 
134912.5 	 0.221 	 
134912.5 	 0.221 	 
134912.5 	 0.221 	 
134912.5 	 0.221 	 
134912.5 	 0.222 	 
134912.5 	 0.219 	 
134912.5 	 0.221 	 
134912.5 	 0.221 	 
134912.5 	 0.221 	 
134912.5 	 0.221 	 
134912.5 	 0.222 	 
134912.5 	 0.220 	 
134912.5 	 0.221 	 
134912.5 	 0.221 	 
134912.5 	 0.223 	 
134912.5 	 0.219 	 
134912.5 	 0.222 	 
134912.5 	 0.220 	 
134912.5 	 0.221 	 
134912.5 	 0.221 	 
134912.5 	 0.223 	 
134912.5 	 0.219 	 
134912.5 	 0.221 	 
134912.5 	 0.221 	 
134912.5 	 0.223 	 
134912.5 	 0.218 	 
134912.5 	 0.222 	 
134912.5 	 0.220 	 
134912.5 	 0.221 	 
134912.5 	 0.220 	 
134912.5 	 0.223 	 
134912.5 	 0.218 	 
134912.5 	 0.221 	 
134912.5 	 0.221 	 
134912.5 	 0.224 	 
134912.5 	 0.217 	 
134912.5 	 0.222 	 
134912.5 	 0.220 	 
134912.5 	 0.221 	 
134912.5 	 0.220 	 
134912.5 	 0.223 	 
134912.5 	 0.218 	 
134912.5 	 0.221 	 
134912.5 	 0.221 	 
134912.5 	 0.225 	 
134912.5 	 0.216 	 
134912.5 	 0.222 	 
134912.5 	 0.219 	 
134912.5 	 0.221 	 
134912.5 	 0.220 	 
134912.5 	 0.224 	 
134912.5 	 0.217 	 
134912.5 	 0.220 	 
304980	245750.0 	 0.205 	 
245750.0 	 0.205 	 
245750.0 	 0.205 	 
245750.0 	 0.205 	 
245750.0 	 0.204 	 
245750.0 	 0.205 	 
245750.0 	 0.204 	 
245750.0 	 0.205 	 
245750.0 	 0.204 	 
245750.0 	 0.205 	 
245750.0 	 0.204 	 
245750.0 	 0.204 	 
245750.0 	 0.205 	 
245750.0 	 0.206 	 
245750.0 	 0.203 	 
245750.0 	 0.205 	 
245750.0 	 0.204 	 
245750.0 	 0.205 	 
245750.0 	 0.204 	 
245750.0 	 0.206 	 
245750.0 	 0.203 	 
245750.0 	 0.204 	 
245750.0 	 0.205 	 
245750.0 	 0.206 	 
245750.0 	 0.203 	 
245750.0 	 0.205 	 
245750.0 	 0.204 	 
245750.0 	 0.205 	 
245750.0 	 0.204 	 
245750.0 	 0.206 	 
245750.0 	 0.203 	 
245750.0 	 0.204 	 
245750.0 	 0.205 	 
245750.0 	 0.207 	 
245750.0 	 0.202 	 
245750.0 	 0.205 	 
245750.0 	 0.204 	 
245750.0 	 0.205 	 
245750.0 	 0.204 	 
245750.0 	 0.207 	 
245750.0 	 0.203 	 
245750.0 	 0.204 	 
245750.0 	 0.205 	 
245750.0 	 0.208 	 
245750.0 	 0.202 	 
245750.0 	 0.205 	 
245750.0 	 0.203 	 
245750.0 	 0.205 	 
245750.0 	 0.204 	 
245750.0 	 0.207 	 
245750.0 	 0.202 	 
245750.0 	 0.204 	 
245750.0 	 0.205 	 
245750.0 	 0.209 	 
245750.0 	 0.201 	 
245750.0 	 0.206 	 
245750.0 	 0.203 	 
245750.0 	 0.205 	 
245750.0 	 0.204 	 
245750.0 	 0.208 	 
245750.0 	 0.202 	 
245750.0 	 0.205 	 
304981	8510.0 	 0.239 	 
8510.0 	 0.239 	 
8510.0 	 0.239 	 
8510.0 	 0.240 	 
8510.0 	 0.239 	 
8510.0 	 0.239 	 
8510.0 	 0.239 	 
8510.0 	 0.239 	 
8510.0 	 0.239 	 
8510.0 	 0.240 	 
8510.0 	 0.239 	 
8510.0 	 0.239 	 
8510.0 	 0.239 	 
8510.0 	 0.240 	 
8510.0 	 0.238 	 
8510.0 	 0.240 	 
8510.0 	 0.239 	 
8510.0 	 0.239 	 
8510.0 	 0.239 	 
8510.0 	 0.240 	 
8510.0 	 0.238 	 
8510.0 	 0.239 	 
8510.0 	 0.239 	 
8510.0 	 0.240 	 
8510.0 	 0.238 	 
8510.0 	 0.240 	 
8510.0 	 0.239 	 
8510.0 	 0.239 	 
8510.0 	 0.239 	 
8510.0 	 0.240 	 
8510.0 	 0.238 	 
8510.0 	 0.239 	 
8510.0 	 0.240 	 
8510.0 	 0.241 	 
8510.0 	 0.238 	 
8510.0 	 0.240 	 
8510.0 	 0.239 	 
8510.0 	 0.24 	 
8510.0 	 0.239 	 
8510.0 	 0.240 	 
8510.0 	 0.238 	 
8510.0 	 0.239 	 
8510.0 	 0.240 	 
8510.0 	 0.241 	 
8510.0 	 0.237 	 
8510.0 	 0.240 	 
8510.0 	 0.239 	 
8510.0 	 0.24 	 
8510.0 	 0.239 	 
8510.0 	 0.241 	 
8510.0 	 0.238 	 
8510.0 	 0.239 	 
8510.0 	 0.240 	 
8510.0 	 0.241 	 
8510.0 	 0.237 	 
8510.0 	 0.240 	 
8510.0 	 0.238 	 
8510.0 	 0.240 	 
8510.0 	 0.239 	 
8510.0 	 0.241 	 
8510.0 	 0.237 	 
8510.0 	 0.239 	 
304982	19162.5 	 0.242 	 
19162.5 	 0.242 	 
19162.5 	 0.243 	 
19162.5 	 0.243 	 
19162.5 	 0.242 	 
19162.5 	 0.243 	 
19162.5 	 0.242 	 
19162.5 	 0.243 	 
19162.5 	 0.242 	 
19162.5 	 0.243 	 
19162.5 	 0.242 	 
19162.5 	 0.242 	 
19162.5 	 0.243 	 
19162.5 	 0.243 	 
19162.5 	 0.241 	 
19162.5 	 0.243 	 
19162.5 	 0.242 	 
19162.5 	 0.243 	 
19162.5 	 0.242 	 
19162.5 	 0.243 	 
19162.5 	 0.241 	 
19162.5 	 0.242 	 
19162.5 	 0.243 	 
19162.5 	 0.244 	 
19162.5 	 0.241 	 
19162.5 	 0.243 	 
19162.5 	 0.242 	 
19162.5 	 0.243 	 
19162.5 	 0.242 	 
19162.5 	 0.244 	 
19162.5 	 0.241 	 
19162.5 	 0.242 	 
19162.5 	 0.243 	 
19162.5 	 0.244 	 
19162.5 	 0.241 	 
19162.5 	 0.243 	 
19162.5 	 0.242 	 
19162.5 	 0.243 	 
19162.5 	 0.242 	 
19162.5 	 0.244 	 
19162.5 	 0.241 	 
19162.5 	 0.242 	 
19162.5 	 0.243 	 
19162.5 	 0.245 	 
19162.5 	 0.241 	 
19162.5 	 0.243 	 
19162.5 	 0.242 	 
19162.5 	 0.243 	 
19162.5 	 0.242 	 
19162.5 	 0.244 	 
19162.5 	 0.241 	 
19162.5 	 0.242 	 
19162.5 	 0.243 	 
19162.5 	 0.245 	 
19162.5 	 0.240 	 
19162.5 	 0.244 	 
19162.5 	 0.241 	 
19162.5 	 0.243 	 
19162.5 	 0.242 	 
19162.5 	 0.245 	 
19162.5 	 0.241 	 
19162.5 	 0.243 	 
304983	34131.25 	 0.235 	 
34131.25 	 0.236 	 
34131.25 	 0.236 	 
34131.25 	 0.236 	 
34131.25 	 0.236 	 
34131.25 	 0.235 	 
34131.25 	 0.236 	 
34131.25 	 0.236 	 
34131.25 	 0.236 	 
34131.25 	 0.236 	 
34131.25 	 0.235 	 
34131.25 	 0.236 	 
34131.25 	 0.236 	 
34131.25 	 0.236 	 
34131.25 	 0.236 	 
34131.25 	 0.235 	 
34131.25 	 0.237 	 
34131.25 	 0.236 	 
34131.25 	 0.236 	 
34131.25 	 0.237 	 
34131.25 	 0.235 	 
34131.25 	 0.237 	 
34131.25 	 0.236 	 
34131.25 	 0.236 	 
34131.25 	 0.237 	 
34131.25 	 0.235 	 
34131.25 	 0.235 	 
34131.25 	 0.235 	 
34131.25 	 0.235 	 
34131.25 	 0.235 	 
34131.25 	 0.235 	 
34131.25 	 0.235 	 
34131.25 	 0.235 	 
34131.25 	 0.235 	 
34131.25 	 0.235 	 
34131.25 	 0.235 	 
34131.25 	 0.235 	 
34131.25 	 0.235 	 
34131.25 	 0.235 	 
34131.25 	 0.235 	 
34131.25 	 0.235 	 
34131.25 	 0.235 	 
34131.25 	 0.235 	 
34131.25 	 0.234 	 
34131.25 	 0.235 	 
34131.25 	 0.235 	 
34131.25 	 0.235 	 
34131.25 	 0.235 	 
34131.25 	 0.234 	 
34131.25 	 0.235 	 
34131.25 	 0.235 	 
34131.25 	 0.234 	 
34131.25 	 0.235 	 
34131.25 	 0.233 	 
34131.25 	 0.235 	 
34131.25 	 0.235 	 
34131.25 	 0.234 	 
34131.25 	 0.235 	 
34131.25 	 0.233 	 
34131.25 	 0.235 	 
34131.25 	 0.235 	 
34131.25 	 0.234 	 
304984	77753.75 	 0.231 	 
77753.75 	 0.231 	 
77753.75 	 0.231 	 
77753.75 	 0.232 	 
77753.75 	 0.231 	 
77753.75 	 0.231 	 
77753.75 	 0.231 	 
77753.75 	 0.231 	 
77753.75 	 0.231 	 
77753.75 	 0.232 	 
77753.75 	 0.231 	 
77753.75 	 0.231 	 
77753.75 	 0.231 	 
77753.75 	 0.232 	 
77753.75 	 0.231 	 
77753.75 	 0.232 	 
77753.75 	 0.231 	 
77753.75 	 0.231 	 
77753.75 	 0.231 	 
77753.75 	 0.232 	 
77753.75 	 0.231 	 
77753.75 	 0.231 	 
77753.75 	 0.231 	 
77753.75 	 0.233 	 
77753.75 	 0.230 	 
77753.75 	 0.232 	 
77753.75 	 0.231 	 
77753.75 	 0.231 	 
77753.75 	 0.231 	 
77753.75 	 0.232 	 
77753.75 	 0.230 	 
77753.75 	 0.231 	 
77753.75 	 0.232 	 
77753.75 	 0.233 	 
77753.75 	 0.230 	 
77753.75 	 0.232 	 
77753.75 	 0.231 	 
77753.75 	 0.232 	 
77753.75 	 0.231 	 
77753.75 	 0.233 	 
77753.75 	 0.230 	 
77753.75 	 0.231 	 
77753.75 	 0.232 	 
77753.75 	 0.233 	 
77753.75 	 0.229 	 
77753.75 	 0.232 	 
77753.75 	 0.231 	 
77753.75 	 0.232 	 
77753.75 	 0.231 	 
77753.75 	 0.233 	 
77753.75 	 0.230 	 
77753.75 	 0.231 	 
77753.75 	 0.232 	 
77753.75 	 0.233 	 
77753.75 	 0.229 	 
77753.75 	 0.232 	 
77753.75 	 0.230 	 
77753.75 	 0.232 	 
77753.75 	 0.231 	 
77753.75 	 0.233 	 
77753.75 	 0.229 	 
77753.75 	 0.231 	 
304985	142187.5 	 0.218 	 
142187.5 	 0.218 	 
142187.5 	 0.218 	 
142187.5 	 0.219 	 
142187.5 	 0.218 	 
142187.5 	 0.218 	 
142187.5 	 0.218 	 
142187.5 	 0.218 	 
142187.5 	 0.218 	 
142187.5 	 0.219 	 
142187.5 	 0.218 	 
142187.5 	 0.218 	 
142187.5 	 0.218 	 
142187.5 	 0.219 	 
142187.5 	 0.217 	 
142187.5 	 0.219 	 
142187.5 	 0.218 	 
142187.5 	 0.218 	 
142187.5 	 0.218 	 
142187.5 	 0.219 	 
142187.5 	 0.218 	 
142187.5 	 0.218 	 
142187.5 	 0.218 	 
142187.5 	 0.219 	 
142187.5 	 0.217 	 
142187.5 	 0.219 	 
142187.5 	 0.218 	 
142187.5 	 0.218 	 
142187.5 	 0.218 	 
142187.5 	 0.219 	 
142187.5 	 0.217 	 
142187.5 	 0.218 	 
142187.5 	 0.219 	 
142187.5 	 0.220 	 
142187.5 	 0.216 	 
142187.5 	 0.219 	 
142187.5 	 0.218 	 
142187.5 	 0.219 	 
142187.5 	 0.218 	 
142187.5 	 0.220 	 
142187.5 	 0.217 	 
142187.5 	 0.218 	 
142187.5 	 0.219 	 
142187.5 	 0.220 	 
142187.5 	 0.216 	 
142187.5 	 0.219 	 
142187.5 	 0.217 	 
142187.5 	 0.219 	 
142187.5 	 0.218 	 
142187.5 	 0.220 	 
142187.5 	 0.216 	 
142187.5 	 0.218 	 
142187.5 	 0.219 	 
142187.5 	 0.220 	 
142187.5 	 0.215 	 
142187.5 	 0.219 	 
142187.5 	 0.217 	 
142187.5 	 0.219 	 
142187.5 	 0.218 	 
142187.5 	 0.220 	 
142187.5 	 0.216 	 
142187.5 	 0.218 	 
304986	5193.125 	 0.244 	 
5193.125 	 0.244 	 
5193.125 	 0.244 	 
5193.125 	 0.244 	 
5193.125 	 0.244 	 
5193.125 	 0.244 	 
5193.125 	 0.244 	 
5193.125 	 0.244 	 
5193.125 	 0.244 	 
5193.125 	 0.244 	 
5193.125 	 0.244 	 
5193.125 	 0.244 	 
5193.125 	 0.244 	 
5193.125 	 0.244 	 
5193.125 	 0.243 	 
5193.125 	 0.244 	 
5193.125 	 0.244 	 
5193.125 	 0.244 	 
5193.125 	 0.244 	 
5193.125 	 0.244 	 
5193.125 	 0.244 	 
5193.125 	 0.244 	 
5193.125 	 0.244 	 
5193.125 	 0.245 	 
5193.125 	 0.243 	 
5193.125 	 0.244 	 
5193.125 	 0.244 	 
5193.125 	 0.244 	 
5193.125 	 0.244 	 
5193.125 	 0.245 	 
5193.125 	 0.243 	 
5193.125 	 0.244 	 
5193.125 	 0.244 	 
5193.125 	 0.245 	 
5193.125 	 0.243 	 
5193.125 	 0.244 	 
5193.125 	 0.244 	 
5193.125 	 0.244 	 
5193.125 	 0.244 	 
5193.125 	 0.245 	 
5193.125 	 0.243 	 
5193.125 	 0.244 	 
5193.125 	 0.244 	 
5193.125 	 0.245 	 
5193.125 	 0.243 	 
5193.125 	 0.244 	 
5193.125 	 0.244 	 
5193.125 	 0.244 	 
5193.125 	 0.244 	 
5193.125 	 0.245 	 
5193.125 	 0.243 	 
5193.125 	 0.244 	 
5193.125 	 0.244 	 
5193.125 	 0.245 	 
5193.125 	 0.243 	 
5193.125 	 0.244 	 
5193.125 	 0.243 	 
5193.125 	 0.244 	 
5193.125 	 0.244 	 
5193.125 	 0.245 	 
5193.125 	 0.243 	 
5193.125 	 0.244 	 
304988	20837.5 	 0.244 	 
20837.5 	 0.244 	 
20837.5 	 0.244 	 
20837.5 	 0.244 	 
20837.5 	 0.243 	 
20837.5 	 0.244 	 
20837.5 	 0.243 	 
20837.5 	 0.244 	 
20837.5 	 0.244 	 
20837.5 	 0.244 	 
20837.5 	 0.243 	 
20837.5 	 0.244 	 
20837.5 	 0.244 	 
20837.5 	 0.244 	 
20837.5 	 0.243 	 
20837.5 	 0.244 	 
20837.5 	 0.243 	 
20837.5 	 0.244 	 
20837.5 	 0.243 	 
20837.5 	 0.244 	 
20837.5 	 0.243 	 
20837.5 	 0.243 	 
20837.5 	 0.244 	 
20837.5 	 0.244 	 
20837.5 	 0.243 	 
20837.5 	 0.244 	 
20837.5 	 0.243 	 
20837.5 	 0.244 	 
20837.5 	 0.243 	 
20837.5 	 0.244 	 
20837.5 	 0.243 	 
20837.5 	 0.243 	 
20837.5 	 0.244 	 
20837.5 	 0.244 	 
20837.5 	 0.243 	 
20837.5 	 0.244 	 
20837.5 	 0.243 	 
20837.5 	 0.244 	 
20837.5 	 0.243 	 
20837.5 	 0.244 	 
20837.5 	 0.243 	 
20837.5 	 0.243 	 
20837.5 	 0.244 	 
20837.5 	 0.244 	 
20837.5 	 0.243 	 
20837.5 	 0.244 	 
20837.5 	 0.243 	 
20837.5 	 0.244 	 
20837.5 	 0.243 	 
20837.5 	 0.244 	 
20837.5 	 0.243 	 
20837.5 	 0.243 	 
20837.5 	 0.244 	 
20837.5 	 0.245 	 
20837.5 	 0.242 	 
20837.5 	 0.244 	 
20837.5 	 0.243 	 
20837.5 	 0.244 	 
20837.5 	 0.243 	 
20837.5 	 0.245 	 
20837.5 	 0.243 	 
20837.5 	 0.244 	 
304989	47550.0 	 0.246 	 
47550.0 	 0.246 	 
47550.0 	 0.246 	 
47550.0 	 0.246 	 
47550.0 	 0.246 	 
47550.0 	 0.246 	 
47550.0 	 0.246 	 
47550.0 	 0.246 	 
47550.0 	 0.246 	 
47550.0 	 0.246 	 
47550.0 	 0.246 	 
47550.0 	 0.246 	 
47550.0 	 0.246 	 
47550.0 	 0.247 	 
47550.0 	 0.245 	 
47550.0 	 0.246 	 
47550.0 	 0.246 	 
47550.0 	 0.246 	 
47550.0 	 0.246 	 
47550.0 	 0.246 	 
47550.0 	 0.245 	 
47550.0 	 0.246 	 
47550.0 	 0.246 	 
47550.0 	 0.247 	 
47550.0 	 0.245 	 
47550.0 	 0.246 	 
47550.0 	 0.246 	 
47550.0 	 0.246 	 
47550.0 	 0.246 	 
47550.0 	 0.247 	 
47550.0 	 0.245 	 
47550.0 	 0.246 	 
47550.0 	 0.246 	 
47550.0 	 0.247 	 
47550.0 	 0.244 	 
47550.0 	 0.246 	 
47550.0 	 0.245 	 
47550.0 	 0.246 	 
47550.0 	 0.245 	 
47550.0 	 0.247 	 
47550.0 	 0.244 	 
47550.0 	 0.246 	 
47550.0 	 0.246 	 
47550.0 	 0.247 	 
47550.0 	 0.244 	 
47550.0 	 0.246 	 
47550.0 	 0.245 	 
47550.0 	 0.246 	 
47550.0 	 0.245 	 
47550.0 	 0.247 	 
47550.0 	 0.244 	 
47550.0 	 0.245 	 
47550.0 	 0.246 	 
47550.0 	 0.247 	 
47550.0 	 0.244 	 
47550.0 	 0.247 	 
47550.0 	 0.245 	 
47550.0 	 0.246 	 
47550.0 	 0.245 	 
47550.0 	 0.247 	 
47550.0 	 0.244 	 
47550.0 	 0.245 	 
304990	87291.25 	 0.232 	 
87291.25 	 0.232 	 
87291.25 	 0.232 	 
87291.25 	 0.232 	 
87291.25 	 0.231 	 
87291.25 	 0.232 	 
87291.25 	 0.231 	 
87291.25 	 0.232 	 
87291.25 	 0.232 	 
87291.25 	 0.232 	 
87291.25 	 0.231 	 
87291.25 	 0.232 	 
87291.25 	 0.232 	 
87291.25 	 0.232 	 
87291.25 	 0.231 	 
87291.25 	 0.232 	 
87291.25 	 0.231 	 
87291.25 	 0.232 	 
87291.25 	 0.232 	 
87291.25 	 0.232 	 
87291.25 	 0.231 	 
87291.25 	 0.232 	 
87291.25 	 0.232 	 
87291.25 	 0.232 	 
87291.25 	 0.231 	 
87291.25 	 0.232 	 
87291.25 	 0.231 	 
87291.25 	 0.232 	 
87291.25 	 0.231 	 
87291.25 	 0.232 	 
87291.25 	 0.231 	 
87291.25 	 0.232 	 
87291.25 	 0.232 	 
87291.25 	 0.233 	 
87291.25 	 0.230 	 
87291.25 	 0.232 	 
87291.25 	 0.231 	 
87291.25 	 0.232 	 
87291.25 	 0.232 	 
87291.25 	 0.232 	 
87291.25 	 0.230 	 
87291.25 	 0.232 	 
87291.25 	 0.232 	 
87291.25 	 0.233 	 
87291.25 	 0.229 	 
87291.25 	 0.232 	 
87291.25 	 0.231 	 
87291.25 	 0.232 	 
87291.25 	 0.231 	 
87291.25 	 0.233 	 
87291.25 	 0.230 	 
87291.25 	 0.231 	 
87291.25 	 0.232 	 
87291.25 	 0.233 	 
87291.25 	 0.229 	 
87291.25 	 0.232 	 
87291.25 	 0.231 	 
87291.25 	 0.232 	 
87291.25 	 0.231 	 
87291.25 	 0.233 	 
87291.25 	 0.230 	 
87291.25 	 0.231 	 
304991	7467.875 	 0.243 	 
7467.875 	 0.243 	 
7467.875 	 0.243 	 
7467.875 	 0.243 	 
7467.875 	 0.243 	 
7467.875 	 0.243 	 
7467.875 	 0.243 	 
7467.875 	 0.243 	 
7467.875 	 0.243 	 
7467.875 	 0.243 	 
7467.875 	 0.242 	 
7467.875 	 0.242 	 
7467.875 	 0.243 	 
7467.875 	 0.243 	 
7467.875 	 0.243 	 
7467.875 	 0.243 	 
7467.875 	 0.243 	 
7467.875 	 0.243 	 
7467.875 	 0.242 	 
7467.875 	 0.243 	 
7467.875 	 0.242 	 
7467.875 	 0.242 	 
7467.875 	 0.243 	 
7467.875 	 0.243 	 
7467.875 	 0.242 	 
7467.875 	 0.243 	 
7467.875 	 0.243 	 
7467.875 	 0.243 	 
7467.875 	 0.242 	 
7467.875 	 0.243 	 
7467.875 	 0.242 	 
7467.875 	 0.242 	 
7467.875 	 0.243 	 
7467.875 	 0.243 	 
7467.875 	 0.242 	 
7467.875 	 0.243 	 
7467.875 	 0.243 	 
7467.875 	 0.243 	 
7467.875 	 0.242 	 
7467.875 	 0.243 	 
7467.875 	 0.242 	 
7467.875 	 0.242 	 
7467.875 	 0.243 	 
7467.875 	 0.243 	 
7467.875 	 0.242 	 
7467.875 	 0.243 	 
7467.875 	 0.243 	 
7467.875 	 0.243 	 
7467.875 	 0.242 	 
7467.875 	 0.243 	 
7467.875 	 0.242 	 
7467.875 	 0.242 	 
7467.875 	 0.243 	 
7467.875 	 0.243 	 
7467.875 	 0.242 	 
7467.875 	 0.243 	 
7467.875 	 0.242 	 
7467.875 	 0.243 	 
7467.875 	 0.242 	 
7467.875 	 0.243 	 
7467.875 	 0.241 	 
7467.875 	 0.242 	 
304992	13303.75 	 0.244 	 
13303.75 	 0.244 	 
13303.75 	 0.244 	 
13303.75 	 0.244 	 
13303.75 	 0.244 	 
13303.75 	 0.244 	 
13303.75 	 0.244 	 
13303.75 	 0.244 	 
13303.75 	 0.244 	 
13303.75 	 0.244 	 
13303.75 	 0.244 	 
13303.75 	 0.244 	 
13303.75 	 0.244 	 
13303.75 	 0.244 	 
13303.75 	 0.244 	 
13303.75 	 0.244 	 
13303.75 	 0.244 	 
13303.75 	 0.244 	 
13303.75 	 0.244 	 
13303.75 	 0.244 	 
13303.75 	 0.244 	 
13303.75 	 0.244 	 
13303.75 	 0.244 	 
13303.75 	 0.244 	 
13303.75 	 0.244 	 
13303.75 	 0.244 	 
13303.75 	 0.244 	 
13303.75 	 0.244 	 
13303.75 	 0.244 	 
13303.75 	 0.244 	 
13303.75 	 0.244 	 
13303.75 	 0.244 	 
13303.75 	 0.244 	 
13303.75 	 0.244 	 
13303.75 	 0.243 	 
13303.75 	 0.244 	 
13303.75 	 0.244 	 
13303.75 	 0.244 	 
13303.75 	 0.244 	 
13303.75 	 0.244 	 
13303.75 	 0.243 	 
13303.75 	 0.244 	 
13303.75 	 0.244 	 
13303.75 	 0.244 	 
13303.75 	 0.243 	 
13303.75 	 0.244 	 
13303.75 	 0.244 	 
13303.75 	 0.244 	 
13303.75 	 0.244 	 
13303.75 	 0.244 	 
13303.75 	 0.243 	 
13303.75 	 0.244 	 
13303.75 	 0.244 	 
13303.75 	 0.244 	 
13303.75 	 0.243 	 
13303.75 	 0.244 	 
13303.75 	 0.244 	 
13303.75 	 0.244 	 
13303.75 	 0.244 	 
13303.75 	 0.244 	 
13303.75 	 0.243 	 
13303.75 	 0.244 	 
304993	30422.5 	 0.238 	 
30422.5 	 0.238 	 
30422.5 	 0.238 	 
30422.5 	 0.238 	 
30422.5 	 0.238 	 
30422.5 	 0.238 	 
30422.5 	 0.238 	 
30422.5 	 0.238 	 
30422.5 	 0.238 	 
30422.5 	 0.238 	 
30422.5 	 0.238 	 
30422.5 	 0.238 	 
30422.5 	 0.238 	 
30422.5 	 0.239 	 
30422.5 	 0.238 	 
30422.5 	 0.238 	 
30422.5 	 0.238 	 
30422.5 	 0.238 	 
30422.5 	 0.238 	 
30422.5 	 0.239 	 
30422.5 	 0.238 	 
30422.5 	 0.238 	 
30422.5 	 0.238 	 
30422.5 	 0.239 	 
30422.5 	 0.238 	 
30422.5 	 0.238 	 
30422.5 	 0.238 	 
30422.5 	 0.239 	 
30422.5 	 0.238 	 
30422.5 	 0.239 	 
30422.5 	 0.238 	 
30422.5 	 0.238 	 
30422.5 	 0.238 	 
30422.5 	 0.239 	 
30422.5 	 0.238 	 
30422.5 	 0.238 	 
30422.5 	 0.238 	 
30422.5 	 0.239 	 
30422.5 	 0.238 	 
30422.5 	 0.239 	 
30422.5 	 0.238 	 
30422.5 	 0.238 	 
30422.5 	 0.238 	 
30422.5 	 0.239 	 
30422.5 	 0.237 	 
30422.5 	 0.239 	 
30422.5 	 0.238 	 
30422.5 	 0.239 	 
30422.5 	 0.238 	 
30422.5 	 0.239 	 
30422.5 	 0.238 	 
30422.5 	 0.238 	 
30422.5 	 0.238 	 
30422.5 	 0.239 	 
30422.5 	 0.237 	 
30422.5 	 0.239 	 
30422.5 	 0.238 	 
30422.5 	 0.239 	 
30422.5 	 0.238 	 
30422.5 	 0.239 	 
30422.5 	 0.238 	 
30422.5 	 0.238 	 
304994	56097.5 	 0.223 	 
56097.5 	 0.223 	 
56097.5 	 0.223 	 
56097.5 	 0.223 	 
56097.5 	 0.223 	 
56097.5 	 0.223 	 
56097.5 	 0.223 	 
56097.5 	 0.223 	 
56097.5 	 0.223 	 
56097.5 	 0.223 	 
56097.5 	 0.223 	 
56097.5 	 0.223 	 
56097.5 	 0.223 	 
56097.5 	 0.224 	 
56097.5 	 0.223 	 
56097.5 	 0.223 	 
56097.5 	 0.223 	 
56097.5 	 0.223 	 
56097.5 	 0.223 	 
56097.5 	 0.224 	 
56097.5 	 0.223 	 
56097.5 	 0.223 	 
56097.5 	 0.223 	 
56097.5 	 0.224 	 
56097.5 	 0.222 	 
56097.5 	 0.223 	 
56097.5 	 0.223 	 
56097.5 	 0.223 	 
56097.5 	 0.223 	 
56097.5 	 0.224 	 
56097.5 	 0.222 	 
56097.5 	 0.223 	 
56097.5 	 0.223 	 
56097.5 	 0.224 	 
56097.5 	 0.222 	 
56097.5 	 0.223 	 
56097.5 	 0.223 	 
56097.5 	 0.223 	 
56097.5 	 0.223 	 
56097.5 	 0.224 	 
56097.5 	 0.222 	 
56097.5 	 0.223 	 
56097.5 	 0.223 	 
56097.5 	 0.224 	 
56097.5 	 0.222 	 
56097.5 	 0.223 	 
56097.5 	 0.223 	 
56097.5 	 0.223 	 
56097.5 	 0.223 	 
56097.5 	 0.224 	 
56097.5 	 0.222 	 
56097.5 	 0.223 	 
56097.5 	 0.223 	 
56097.5 	 0.225 	 
56097.5 	 0.222 	 
56097.5 	 0.224 	 
56097.5 	 0.222 	 
56097.5 	 0.224 	 
56097.5 	 0.223 	 
56097.5 	 0.224 	 
56097.5 	 0.222 	 
56097.5 	 0.223 	 
304995	20160.0 	 0.242 	 
20160.0 	 0.242 	 
20160.0 	 0.242 	 
20160.0 	 0.242 	 
20160.0 	 0.242 	 
20160.0 	 0.242 	 
20160.0 	 0.242 	 
20160.0 	 0.242 	 
20160.0 	 0.242 	 
20160.0 	 0.242 	 
20160.0 	 0.242 	 
20160.0 	 0.242 	 
20160.0 	 0.242 	 
20160.0 	 0.242 	 
20160.0 	 0.242 	 
20160.0 	 0.242 	 
20160.0 	 0.242 	 
20160.0 	 0.242 	 
20160.0 	 0.242 	 
20160.0 	 0.242 	 
20160.0 	 0.242 	 
20160.0 	 0.242 	 
20160.0 	 0.242 	 
20160.0 	 0.242 	 
20160.0 	 0.241 	 
20160.0 	 0.242 	 
20160.0 	 0.242 	 
20160.0 	 0.242 	 
20160.0 	 0.242 	 
20160.0 	 0.242 	 
20160.0 	 0.242 	 
20160.0 	 0.242 	 
20160.0 	 0.242 	 
20160.0 	 0.243 	 
20160.0 	 0.241 	 
20160.0 	 0.242 	 
20160.0 	 0.242 	 
20160.0 	 0.242 	 
20160.0 	 0.242 	 
20160.0 	 0.242 	 
20160.0 	 0.241 	 
20160.0 	 0.242 	 
20160.0 	 0.242 	 
20160.0 	 0.243 	 
20160.0 	 0.241 	 
20160.0 	 0.242 	 
20160.0 	 0.242 	 
20160.0 	 0.242 	 
20160.0 	 0.242 	 
20160.0 	 0.242 	 
20160.0 	 0.241 	 
20160.0 	 0.242 	 
20160.0 	 0.242 	 
20160.0 	 0.243 	 
20160.0 	 0.241 	 
20160.0 	 0.242 	 
20160.0 	 0.242 	 
20160.0 	 0.242 	 
20160.0 	 0.242 	 
20160.0 	 0.242 	 
20160.0 	 0.241 	 
20160.0 	 0.242 	 
304996	37350.0 	 0.232 	 
37350.0 	 0.232 	 
37350.0 	 0.232 	 
37350.0 	 0.233 	 
37350.0 	 0.232 	 
37350.0 	 0.232 	 
37350.0 	 0.232 	 
37350.0 	 0.232 	 
37350.0 	 0.232 	 
37350.0 	 0.233 	 
37350.0 	 0.232 	 
37350.0 	 0.232 	 
37350.0 	 0.232 	 
37350.0 	 0.233 	 
37350.0 	 0.232 	 
37350.0 	 0.233 	 
37350.0 	 0.232 	 
37350.0 	 0.232 	 
37350.0 	 0.232 	 
37350.0 	 0.233 	 
37350.0 	 0.232 	 
37350.0 	 0.232 	 
37350.0 	 0.233 	 
37350.0 	 0.233 	 
37350.0 	 0.232 	 
37350.0 	 0.233 	 
37350.0 	 0.232 	 
37350.0 	 0.233 	 
37350.0 	 0.232 	 
37350.0 	 0.233 	 
37350.0 	 0.232 	 
37350.0 	 0.232 	 
37350.0 	 0.233 	 
37350.0 	 0.233 	 
37350.0 	 0.232 	 
37350.0 	 0.233 	 
37350.0 	 0.232 	 
37350.0 	 0.233 	 
37350.0 	 0.232 	 
37350.0 	 0.233 	 
37350.0 	 0.232 	 
37350.0 	 0.232 	 
37350.0 	 0.233 	 
37350.0 	 0.233 	 
37350.0 	 0.232 	 
37350.0 	 0.233 	 
37350.0 	 0.232 	 
37350.0 	 0.233 	 
37350.0 	 0.232 	 
37350.0 	 0.233 	 
37350.0 	 0.232 	 
37350.0 	 0.232 	 
37350.0 	 0.233 	 
37350.0 	 0.233 	 
37350.0 	 0.232 	 
37350.0 	 0.233 	 
37350.0 	 0.232 	 
37350.0 	 0.233 	 
37350.0 	 0.232 	 
37350.0 	 0.234 	 
37350.0 	 0.232 	 
37350.0 	 0.233 	 
304997	25603.75 	 0.228 	 
25603.75 	 0.228 	 
25603.75 	 0.228 	 
25603.75 	 0.228 	 
25603.75 	 0.228 	 
25603.75 	 0.228 	 
25603.75 	 0.228 	 
25603.75 	 0.228 	 
25603.75 	 0.228 	 
25603.75 	 0.228 	 
25603.75 	 0.228 	 
25603.75 	 0.228 	 
25603.75 	 0.228 	 
25603.75 	 0.228 	 
25603.75 	 0.228 	 
25603.75 	 0.228 	 
25603.75 	 0.228 	 
25603.75 	 0.228 	 
25603.75 	 0.228 	 
25603.75 	 0.228 	 
25603.75 	 0.228 	 
25603.75 	 0.228 	 
25603.75 	 0.228 	 
25603.75 	 0.229 	 
25603.75 	 0.228 	 
25603.75 	 0.228 	 
25603.75 	 0.228 	 
25603.75 	 0.228 	 
25603.75 	 0.228 	 
25603.75 	 0.228 	 
25603.75 	 0.228 	 
25603.75 	 0.228 	 
25603.75 	 0.228 	 
25603.75 	 0.229 	 
25603.75 	 0.227 	 
25603.75 	 0.228 	 
25603.75 	 0.228 	 
25603.75 	 0.228 	 
25603.75 	 0.228 	 
25603.75 	 0.229 	 
25603.75 	 0.228 	 
25603.75 	 0.228 	 
25603.75 	 0.228 	 
25603.75 	 0.229 	 
25603.75 	 0.227 	 
25603.75 	 0.228 	 
25603.75 	 0.228 	 
25603.75 	 0.228 	 
25603.75 	 0.228 	 
25603.75 	 0.229 	 
25603.75 	 0.227 	 
25603.75 	 0.228 	 
25603.75 	 0.228 	 
25603.75 	 0.229 	 
25603.75 	 0.227 	 
25603.75 	 0.228 	 
25603.75 	 0.228 	 
25603.75 	 0.228 	 
25603.75 	 0.228 	 
25603.75 	 0.229 	 
25603.75 	 0.227 	 
25603.75 	 0.228 	 
305615	14753.75 	 0.137 	 
14753.75 	 0.137 	 
14753.75 	 0.138 	 
14753.75 	 0.141 	 
14753.75 	 0.134 	 
14753.75 	 0.138 	 
14753.75 	 0.137 	 
14753.75 	 0.138 	 
14753.75 	 0.137 	 
14753.75 	 0.140 	 
14753.75 	 0.134 	 
14753.75 	 0.137 	 
14753.75 	 0.138 	 
14753.75 	 0.143 	 
14753.75 	 0.130 	 
14753.75 	 0.139 	 
14753.75 	 0.135 	 
14753.75 	 0.139 	 
14753.75 	 0.135 	 
14753.75 	 0.143 	 
14753.75 	 0.131 	 
14753.75 	 0.136 	 
14753.75 	 0.139 	 
14753.75 	 0.146 	 
14753.75 	 0.127 	 
14753.75 	 0.140 	 
14753.75 	 0.134 	 
14753.75 	 0.140 	 
14753.75 	 0.134 	 
14753.75 	 0.146 	 
14753.75 	 0.128 	 
14753.75 	 0.136 	 
14753.75 	 0.139 	 
14753.75 	 0.149 	 
14753.75 	 0.123 	 
14753.75 	 0.141 	 
14753.75 	 0.132 	 
14753.75 	 0.140 	 
14753.75 	 0.133 	 
14753.75 	 0.148 	 
14753.75 	 0.125 	 
14753.75 	 0.135 	 
14753.75 	 0.139 	 
14753.75 	 0.151 	 
14753.75 	 0.119 	 
14753.75 	 0.142 	 
14753.75 	 0.131 	 
14753.75 	 0.141 	 
14753.75 	 0.132 	 
14753.75 	 0.150 	 
14753.75 	 0.122 	 
14753.75 	 0.134 	 
14753.75 	 0.140 	 
14753.75 	 0.154 	 
14753.75 	 0.116 	 
14753.75 	 0.143 	 
14753.75 	 0.130 	 
14753.75 	 0.142 	 
14753.75 	 0.131 	 
14753.75 	 0.152 	 
14753.75 	 0.119 	 
14753.75 	 0.136 	 
305616	6973.125 	 0.197 	 
6973.125 	 0.196 	 
6973.125 	 0.197 	 
6973.125 	 0.198 	 
6973.125 	 0.196 	 
6973.125 	 0.197 	 
6973.125 	 0.196 	 
6973.125 	 0.197 	 
6973.125 	 0.196 	 
6973.125 	 0.198 	 
6973.125 	 0.196 	 
6973.125 	 0.197 	 
6973.125 	 0.197 	 
6973.125 	 0.199 	 
6973.125 	 0.195 	 
6973.125 	 0.197 	 
6973.125 	 0.196 	 
6973.125 	 0.197 	 
6973.125 	 0.196 	 
6973.125 	 0.199 	 
6973.125 	 0.195 	 
6973.125 	 0.196 	 
6973.125 	 0.197 	 
6973.125 	 0.200 	 
6973.125 	 0.193 	 
6973.125 	 0.198 	 
6973.125 	 0.196 	 
6973.125 	 0.197 	 
6973.125 	 0.196 	 
6973.125 	 0.199 	 
6973.125 	 0.194 	 
6973.125 	 0.196 	 
6973.125 	 0.197 	 
6973.125 	 0.201 	 
6973.125 	 0.191 	 
6973.125 	 0.198 	 
6973.125 	 0.195 	 
6973.125 	 0.198 	 
6973.125 	 0.196 	 
6973.125 	 0.200 	 
6973.125 	 0.192 	 
6973.125 	 0.196 	 
6973.125 	 0.197 	 
6973.125 	 0.202 	 
6973.125 	 0.190 	 
6973.125 	 0.198 	 
6973.125 	 0.195 	 
6973.125 	 0.198 	 
6973.125 	 0.195 	 
6973.125 	 0.201 	 
6973.125 	 0.191 	 
6973.125 	 0.196 	 
6973.125 	 0.198 	 
6973.125 	 0.203 	 
6973.125 	 0.189 	 
6973.125 	 0.199 	 
6973.125 	 0.194 	 
6973.125 	 0.198 	 
6973.125 	 0.195 	 
6973.125 	 0.202 	 
6973.125 	 0.190 	 
6973.125 	 0.196 	 
305617	3700.625 	 0.230 	 
3700.625 	 0.23 	 
3700.625 	 0.230 	 
3700.625 	 0.230 	 
3700.625 	 0.229 	 
3700.625 	 0.230 	 
3700.625 	 0.229 	 
3700.625 	 0.230 	 
3700.625 	 0.229 	 
3700.625 	 0.230 	 
3700.625 	 0.229 	 
3700.625 	 0.23 	 
3700.625 	 0.230 	 
3700.625 	 0.231 	 
3700.625 	 0.228 	 
3700.625 	 0.230 	 
3700.625 	 0.229 	 
3700.625 	 0.230 	 
3700.625 	 0.229 	 
3700.625 	 0.231 	 
3700.625 	 0.229 	 
3700.625 	 0.23 	 
3700.625 	 0.230 	 
3700.625 	 0.231 	 
3700.625 	 0.228 	 
3700.625 	 0.230 	 
3700.625 	 0.229 	 
3700.625 	 0.230 	 
3700.625 	 0.229 	 
3700.625 	 0.231 	 
3700.625 	 0.228 	 
3700.625 	 0.229 	 
3700.625 	 0.230 	 
3700.625 	 0.232 	 
3700.625 	 0.227 	 
3700.625 	 0.231 	 
3700.625 	 0.229 	 
3700.625 	 0.230 	 
3700.625 	 0.229 	 
3700.625 	 0.231 	 
3700.625 	 0.227 	 
3700.625 	 0.229 	 
3700.625 	 0.230 	 
3700.625 	 0.233 	 
3700.625 	 0.226 	 
3700.625 	 0.231 	 
3700.625 	 0.228 	 
3700.625 	 0.230 	 
3700.625 	 0.229 	 
3700.625 	 0.232 	 
3700.625 	 0.227 	 
3700.625 	 0.229 	 
3700.625 	 0.230 	 
3700.625 	 0.233 	 
3700.625 	 0.225 	 
3700.625 	 0.231 	 
3700.625 	 0.228 	 
3700.625 	 0.231 	 
3700.625 	 0.229 	 
3700.625 	 0.232 	 
3700.625 	 0.226 	 
3700.625 	 0.229 	 
305618	2128.5 	 0.239 	 
2128.5 	 0.239 	 
2128.5 	 0.239 	 
2128.5 	 0.240 	 
2128.5 	 0.239 	 
2128.5 	 0.239 	 
2128.5 	 0.239 	 
2128.5 	 0.239 	 
2128.5 	 0.239 	 
2128.5 	 0.240 	 
2128.5 	 0.239 	 
2128.5 	 0.239 	 
2128.5 	 0.239 	 
2128.5 	 0.240 	 
2128.5 	 0.239 	 
2128.5 	 0.240 	 
2128.5 	 0.239 	 
2128.5 	 0.239 	 
2128.5 	 0.239 	 
2128.5 	 0.240 	 
2128.5 	 0.239 	 
2128.5 	 0.239 	 
2128.5 	 0.239 	 
2128.5 	 0.240 	 
2128.5 	 0.239 	 
2128.5 	 0.240 	 
2128.5 	 0.239 	 
2128.5 	 0.239 	 
2128.5 	 0.239 	 
2128.5 	 0.240 	 
2128.5 	 0.239 	 
2128.5 	 0.239 	 
2128.5 	 0.239 	 
2128.5 	 0.240 	 
2128.5 	 0.238 	 
2128.5 	 0.240 	 
2128.5 	 0.239 	 
2128.5 	 0.240 	 
2128.5 	 0.239 	 
2128.5 	 0.240 	 
2128.5 	 0.239 	 
2128.5 	 0.239 	 
2128.5 	 0.239 	 
2128.5 	 0.240 	 
2128.5 	 0.238 	 
2128.5 	 0.240 	 
2128.5 	 0.239 	 
2128.5 	 0.240 	 
2128.5 	 0.239 	 
2128.5 	 0.240 	 
2128.5 	 0.238 	 
2128.5 	 0.239 	 
2128.5 	 0.239 	 
2128.5 	 0.241 	 
2128.5 	 0.237 	 
2128.5 	 0.240 	 
2128.5 	 0.239 	 
2128.5 	 0.240 	 
2128.5 	 0.239 	 
2128.5 	 0.241 	 
2128.5 	 0.238 	 
2128.5 	 0.239 	 
305619	1299.125 	 0.239 	 
1299.125 	 0.239 	 
1299.125 	 0.239 	 
1299.125 	 0.24 	 
1299.125 	 0.239 	 
1299.125 	 0.239 	 
1299.125 	 0.239 	 
1299.125 	 0.240 	 
1299.125 	 0.239 	 
1299.125 	 0.239 	 
1299.125 	 0.239 	 
1299.125 	 0.239 	 
1299.125 	 0.239 	 
1299.125 	 0.240 	 
1299.125 	 0.239 	 
1299.125 	 0.239 	 
1299.125 	 0.239 	 
1299.125 	 0.240 	 
1299.125 	 0.239 	 
1299.125 	 0.240 	 
1299.125 	 0.239 	 
1299.125 	 0.239 	 
1299.125 	 0.239 	 
1299.125 	 0.240 	 
1299.125 	 0.239 	 
1299.125 	 0.239 	 
1299.125 	 0.239 	 
1299.125 	 0.240 	 
1299.125 	 0.239 	 
1299.125 	 0.240 	 
1299.125 	 0.239 	 
1299.125 	 0.239 	 
1299.125 	 0.240 	 
1299.125 	 0.240 	 
1299.125 	 0.239 	 
1299.125 	 0.239 	 
1299.125 	 0.239 	 
1299.125 	 0.240 	 
1299.125 	 0.239 	 
1299.125 	 0.240 	 
1299.125 	 0.239 	 
1299.125 	 0.239 	 
1299.125 	 0.24 	 
1299.125 	 0.240 	 
1299.125 	 0.238 	 
1299.125 	 0.240 	 
1299.125 	 0.239 	 
1299.125 	 0.240 	 
1299.125 	 0.239 	 
1299.125 	 0.240 	 
1299.125 	 0.239 	 
1299.125 	 0.239 	 
1299.125 	 0.239 	 
1299.125 	 0.241 	 
1299.125 	 0.238 	 
1299.125 	 0.240 	 
1299.125 	 0.239 	 
1299.125 	 0.240 	 
1299.125 	 0.239 	 
1299.125 	 0.240 	 
1299.125 	 0.238 	 
1299.125 	 0.239 	 
305620	829.0999 	 0.243 	 
829.0999 	 0.243 	 
829.0999 	 0.243 	 
829.0999 	 0.244 	 
829.0999 	 0.243 	 
829.0999 	 0.244 	 
829.0999 	 0.243 	 
829.0999 	 0.243 	 
829.0999 	 0.243 	 
829.0999 	 0.243 	 
829.0999 	 0.243 	 
829.0999 	 0.243 	 
829.0999 	 0.244 	 
829.0999 	 0.244 	 
829.0999 	 0.243 	 
829.0999 	 0.244 	 
829.0999 	 0.243 	 
829.0999 	 0.243 	 
829.0999 	 0.243 	 
829.0999 	 0.244 	 
829.0999 	 0.243 	 
829.0999 	 0.243 	 
829.0999 	 0.244 	 
829.0999 	 0.244 	 
829.0999 	 0.243 	 
829.0999 	 0.244 	 
829.0999 	 0.243 	 
829.0999 	 0.244 	 
829.0999 	 0.243 	 
829.0999 	 0.244 	 
829.0999 	 0.243 	 
829.0999 	 0.243 	 
829.0999 	 0.244 	 
829.0999 	 0.244 	 
829.0999 	 0.243 	 
829.0999 	 0.244 	 
829.0999 	 0.243 	 
829.0999 	 0.244 	 
829.0999 	 0.243 	 
829.0999 	 0.244 	 
829.0999 	 0.243 	 
829.0999 	 0.243 	 
829.0999 	 0.244 	 
829.0999 	 0.244 	 
829.0999 	 0.243 	 
829.0999 	 0.244 	 
829.0999 	 0.243 	 
829.0999 	 0.244 	 
829.0999 	 0.243 	 
829.0999 	 0.244 	 
829.0999 	 0.243 	 
829.0999 	 0.243 	 
829.0999 	 0.244 	 
829.0999 	 0.244 	 
829.0999 	 0.243 	 
829.0999 	 0.244 	 
829.0999 	 0.243 	 
829.0999 	 0.244 	 
829.0999 	 0.243 	 
829.0999 	 0.244 	 
829.0999 	 0.243 	 
829.0999 	 0.244 	 
305621	3317.5 	 0.242 	 
3317.5 	 0.242 	 
3317.5 	 0.242 	 
3317.5 	 0.242 	 
3317.5 	 0.242 	 
3317.5 	 0.242 	 
3317.5 	 0.242 	 
3317.5 	 0.242 	 
3317.5 	 0.242 	 
3317.5 	 0.242 	 
3317.5 	 0.242 	 
3317.5 	 0.242 	 
3317.5 	 0.242 	 
3317.5 	 0.242 	 
3317.5 	 0.241 	 
3317.5 	 0.242 	 
3317.5 	 0.242 	 
3317.5 	 0.242 	 
3317.5 	 0.242 	 
3317.5 	 0.242 	 
3317.5 	 0.242 	 
3317.5 	 0.242 	 
3317.5 	 0.242 	 
3317.5 	 0.242 	 
3317.5 	 0.241 	 
3317.5 	 0.242 	 
3317.5 	 0.242 	 
3317.5 	 0.242 	 
3317.5 	 0.242 	 
3317.5 	 0.242 	 
3317.5 	 0.242 	 
3317.5 	 0.242 	 
3317.5 	 0.242 	 
3317.5 	 0.242 	 
3317.5 	 0.241 	 
3317.5 	 0.242 	 
3317.5 	 0.242 	 
3317.5 	 0.242 	 
3317.5 	 0.242 	 
3317.5 	 0.242 	 
3317.5 	 0.242 	 
3317.5 	 0.242 	 
3317.5 	 0.242 	 
3317.5 	 0.243 	 
3317.5 	 0.241 	 
3317.5 	 0.242 	 
3317.5 	 0.242 	 
3317.5 	 0.242 	 
3317.5 	 0.242 	 
3317.5 	 0.242 	 
3317.5 	 0.241 	 
3317.5 	 0.242 	 
3317.5 	 0.242 	 
3317.5 	 0.243 	 
3317.5 	 0.241 	 
3317.5 	 0.242 	 
3317.5 	 0.241 	 
3317.5 	 0.242 	 
3317.5 	 0.242 	 
3317.5 	 0.242 	 
3317.5 	 0.241 	 
3317.5 	 0.242 	 
