301859	2148.800 	 0.471 	 
2148.800 	 0.471 	 
2148.800 	 0.471 	 
2148.800 	 0.471 	 
2148.800 	 0.471 	 
2148.800 	 0.471 	 
2148.800 	 0.471 	 
2148.800 	 0.471 	 
2148.800 	 0.471 	 
2148.800 	 0.471 	 
2148.800 	 0.471 	 
2148.800 	 0.471 	 
2148.800 	 0.471 	 
2148.800 	 0.471 	 
2148.800 	 0.471 	 
2148.800 	 0.471 	 
2148.800 	 0.471 	 
2148.800 	 0.471 	 
2148.800 	 0.471 	 
2148.800 	 0.471 	 
2148.800 	 0.471 	 
2148.800 	 0.471 	 
2148.800 	 0.471 	 
2148.800 	 0.472 	 
2148.800 	 0.470 	 
2148.800 	 0.471 	 
2148.800 	 0.471 	 
2148.800 	 0.471 	 
2148.800 	 0.471 	 
2148.800 	 0.472 	 
2148.800 	 0.471 	 
2148.800 	 0.471 	 
2148.800 	 0.471 	 
2148.800 	 0.472 	 
2148.800 	 0.470 	 
2148.800 	 0.471 	 
2148.800 	 0.471 	 
2148.800 	 0.471 	 
2148.800 	 0.471 	 
2148.800 	 0.472 	 
2148.800 	 0.470 	 
2148.800 	 0.471 	 
2148.800 	 0.471 	 
2148.800 	 0.473 	 
2148.800 	 0.469 	 
2148.800 	 0.471 	 
2148.800 	 0.471 	 
2148.800 	 0.471 	 
2148.800 	 0.471 	 
2148.800 	 0.472 	 
2148.800 	 0.470 	 
2148.800 	 0.471 	 
2148.800 	 0.471 	 
2148.800 	 0.473 	 
2148.800 	 0.469 	 
2148.800 	 0.471 	 
2148.800 	 0.470 	 
2148.800 	 0.471 	 
2148.800 	 0.471 	 
2148.800 	 0.472 	 
2148.800 	 0.470 	 
2148.800 	 0.471 	 
301860	8624.0 	 0.467 	 
8624.0 	 0.467 	 
8624.0 	 0.467 	 
8624.0 	 0.467 	 
8624.0 	 0.467 	 
8624.0 	 0.467 	 
8624.0 	 0.467 	 
8624.0 	 0.467 	 
8624.0 	 0.467 	 
8624.0 	 0.467 	 
8624.0 	 0.467 	 
8624.0 	 0.467 	 
8624.0 	 0.467 	 
8624.0 	 0.467 	 
8624.0 	 0.466 	 
8624.0 	 0.467 	 
8624.0 	 0.467 	 
8624.0 	 0.467 	 
8624.0 	 0.467 	 
8624.0 	 0.467 	 
8624.0 	 0.466 	 
8624.0 	 0.467 	 
8624.0 	 0.467 	 
8624.0 	 0.468 	 
8624.0 	 0.466 	 
8624.0 	 0.467 	 
8624.0 	 0.466 	 
8624.0 	 0.467 	 
8624.0 	 0.467 	 
8624.0 	 0.468 	 
8624.0 	 0.466 	 
8624.0 	 0.467 	 
8624.0 	 0.467 	 
8624.0 	 0.468 	 
8624.0 	 0.465 	 
8624.0 	 0.467 	 
8624.0 	 0.466 	 
8624.0 	 0.467 	 
8624.0 	 0.467 	 
8624.0 	 0.468 	 
8624.0 	 0.466 	 
8624.0 	 0.467 	 
8624.0 	 0.467 	 
8624.0 	 0.469 	 
8624.0 	 0.465 	 
8624.0 	 0.467 	 
8624.0 	 0.466 	 
8624.0 	 0.467 	 
8624.0 	 0.467 	 
8624.0 	 0.468 	 
8624.0 	 0.465 	 
8624.0 	 0.467 	 
8624.0 	 0.467 	 
8624.0 	 0.469 	 
8624.0 	 0.465 	 
8624.0 	 0.468 	 
8624.0 	 0.466 	 
8624.0 	 0.467 	 
8624.0 	 0.467 	 
8624.0 	 0.469 	 
8624.0 	 0.465 	 
8624.0 	 0.467 	 
301861	19733.0 	 0.463 	 
19733.0 	 0.462 	 
19733.0 	 0.462 	 
19733.0 	 0.463 	 
19733.0 	 0.462 	 
19733.0 	 0.463 	 
19733.0 	 0.462 	 
19733.0 	 0.463 	 
19733.0 	 0.462 	 
19733.0 	 0.463 	 
19733.0 	 0.462 	 
19733.0 	 0.462 	 
19733.0 	 0.462 	 
19733.0 	 0.463 	 
19733.0 	 0.462 	 
19733.0 	 0.463 	 
19733.0 	 0.462 	 
19733.0 	 0.463 	 
19733.0 	 0.462 	 
19733.0 	 0.463 	 
19733.0 	 0.462 	 
19733.0 	 0.462 	 
19733.0 	 0.462 	 
19733.0 	 0.464 	 
19733.0 	 0.461 	 
19733.0 	 0.463 	 
19733.0 	 0.462 	 
19733.0 	 0.463 	 
19733.0 	 0.462 	 
19733.0 	 0.463 	 
19733.0 	 0.462 	 
19733.0 	 0.462 	 
19733.0 	 0.463 	 
19733.0 	 0.464 	 
19733.0 	 0.461 	 
19733.0 	 0.463 	 
19733.0 	 0.462 	 
19733.0 	 0.463 	 
19733.0 	 0.462 	 
19733.0 	 0.463 	 
19733.0 	 0.461 	 
19733.0 	 0.462 	 
19733.0 	 0.463 	 
19733.0 	 0.464 	 
19733.0 	 0.460 	 
19733.0 	 0.463 	 
19733.0 	 0.462 	 
19733.0 	 0.463 	 
19733.0 	 0.462 	 
19733.0 	 0.464 	 
19733.0 	 0.461 	 
19733.0 	 0.462 	 
19733.0 	 0.463 	 
19733.0 	 0.465 	 
19733.0 	 0.460 	 
19733.0 	 0.463 	 
19733.0 	 0.462 	 
19733.0 	 0.463 	 
19733.0 	 0.462 	 
19733.0 	 0.464 	 
19733.0 	 0.460 	 
19733.0 	 0.462 	 
301862	363.6000 	 0.471 	 
363.6000 	 0.471 	 
363.6000 	 0.471 	 
363.6000 	 0.471 	 
363.6000 	 0.471 	 
363.6000 	 0.471 	 
363.6000 	 0.471 	 
363.6000 	 0.471 	 
363.6000 	 0.471 	 
363.6000 	 0.471 	 
363.6000 	 0.471 	 
363.6000 	 0.471 	 
363.6000 	 0.471 	 
363.6000 	 0.471 	 
363.6000 	 0.471 	 
363.6000 	 0.471 	 
363.6000 	 0.471 	 
363.6000 	 0.471 	 
363.6000 	 0.471 	 
363.6000 	 0.471 	 
363.6000 	 0.471 	 
363.6000 	 0.471 	 
363.6000 	 0.471 	 
363.6000 	 0.471 	 
363.6000 	 0.471 	 
363.6000 	 0.471 	 
363.6000 	 0.471 	 
363.6000 	 0.471 	 
363.6000 	 0.471 	 
363.6000 	 0.471 	 
363.6000 	 0.471 	 
363.6000 	 0.471 	 
363.6000 	 0.471 	 
363.6000 	 0.471 	 
363.6000 	 0.470 	 
363.6000 	 0.471 	 
363.6000 	 0.471 	 
363.6000 	 0.471 	 
363.6000 	 0.471 	 
363.6000 	 0.471 	 
363.6000 	 0.471 	 
363.6000 	 0.471 	 
363.6000 	 0.471 	 
363.6000 	 0.471 	 
363.6000 	 0.470 	 
363.6000 	 0.471 	 
363.6000 	 0.471 	 
363.6000 	 0.471 	 
363.6000 	 0.471 	 
363.6000 	 0.471 	 
363.6000 	 0.471 	 
363.6000 	 0.471 	 
363.6000 	 0.471 	 
363.6000 	 0.471 	 
363.6000 	 0.470 	 
363.6000 	 0.471 	 
363.6000 	 0.471 	 
363.6000 	 0.471 	 
363.6000 	 0.471 	 
363.6000 	 0.471 	 
363.6000 	 0.471 	 
363.6000 	 0.471 	 
301863	1462.5 	 0.467 	 
1462.5 	 0.467 	 
1462.5 	 0.467 	 
1462.5 	 0.467 	 
1462.5 	 0.467 	 
1462.5 	 0.467 	 
1462.5 	 0.467 	 
1462.5 	 0.467 	 
1462.5 	 0.467 	 
1462.5 	 0.467 	 
1462.5 	 0.467 	 
1462.5 	 0.467 	 
1462.5 	 0.467 	 
1462.5 	 0.467 	 
1462.5 	 0.467 	 
1462.5 	 0.467 	 
1462.5 	 0.467 	 
1462.5 	 0.467 	 
1462.5 	 0.467 	 
1462.5 	 0.468 	 
1462.5 	 0.467 	 
1462.5 	 0.467 	 
1462.5 	 0.467 	 
1462.5 	 0.468 	 
1462.5 	 0.466 	 
1462.5 	 0.467 	 
1462.5 	 0.467 	 
1462.5 	 0.467 	 
1462.5 	 0.467 	 
1462.5 	 0.467 	 
1462.5 	 0.467 	 
1462.5 	 0.467 	 
1462.5 	 0.467 	 
1462.5 	 0.468 	 
1462.5 	 0.466 	 
1462.5 	 0.467 	 
1462.5 	 0.467 	 
1462.5 	 0.467 	 
1462.5 	 0.467 	 
1462.5 	 0.467 	 
1462.5 	 0.467 	 
1462.5 	 0.467 	 
1462.5 	 0.467 	 
1462.5 	 0.468 	 
1462.5 	 0.466 	 
1462.5 	 0.467 	 
1462.5 	 0.467 	 
1462.5 	 0.467 	 
1462.5 	 0.467 	 
1462.5 	 0.467 	 
1462.5 	 0.467 	 
1462.5 	 0.468 	 
1462.5 	 0.467 	 
1462.5 	 0.468 	 
1462.5 	 0.466 	 
1462.5 	 0.467 	 
1462.5 	 0.467 	 
1462.5 	 0.467 	 
1462.5 	 0.467 	 
1462.5 	 0.467 	 
1462.5 	 0.467 	 
1462.5 	 0.467 	 
301864	3382.5 	 0.474 	 
3382.5 	 0.473 	 
3382.5 	 0.473 	 
3382.5 	 0.474 	 
3382.5 	 0.473 	 
3382.5 	 0.474 	 
3382.5 	 0.473 	 
3382.5 	 0.474 	 
3382.5 	 0.474 	 
3382.5 	 0.474 	 
3382.5 	 0.473 	 
3382.5 	 0.474 	 
3382.5 	 0.474 	 
3382.5 	 0.473 	 
3382.5 	 0.473 	 
3382.5 	 0.474 	 
3382.5 	 0.473 	 
3382.5 	 0.474 	 
3382.5 	 0.474 	 
3382.5 	 0.474 	 
3382.5 	 0.473 	 
3382.5 	 0.474 	 
3382.5 	 0.474 	 
3382.5 	 0.474 	 
3382.5 	 0.473 	 
3382.5 	 0.474 	 
3382.5 	 0.473 	 
3382.5 	 0.474 	 
3382.5 	 0.473 	 
3382.5 	 0.474 	 
3382.5 	 0.473 	 
3382.5 	 0.474 	 
3382.5 	 0.474 	 
3382.5 	 0.474 	 
3382.5 	 0.473 	 
3382.5 	 0.474 	 
3382.5 	 0.473 	 
3382.5 	 0.474 	 
3382.5 	 0.473 	 
3382.5 	 0.474 	 
3382.5 	 0.473 	 
3382.5 	 0.474 	 
3382.5 	 0.474 	 
3382.5 	 0.473 	 
3382.5 	 0.473 	 
3382.5 	 0.473 	 
3382.5 	 0.473 	 
3382.5 	 0.474 	 
3382.5 	 0.473 	 
3382.5 	 0.474 	 
3382.5 	 0.473 	 
3382.5 	 0.474 	 
3382.5 	 0.473 	 
3382.5 	 0.474 	 
3382.5 	 0.473 	 
3382.5 	 0.473 	 
3382.5 	 0.473 	 
3382.5 	 0.474 	 
3382.5 	 0.473 	 
3382.5 	 0.474 	 
3382.5 	 0.473 	 
3382.5 	 0.474 	 
301865	86.99299 	 0.465 	 
86.99299 	 0.465 	 
86.99299 	 0.465 	 
86.99299 	 0.461 	 
86.99299 	 0.468 	 
86.99299 	 0.462 	 
86.99299 	 0.468 	 
86.99299 	 0.464 	 
86.99299 	 0.466 	 
86.99299 	 0.464 	 
86.99299 	 0.466 	 
86.99299 	 0.465 	 
86.99299 	 0.465 	 
86.99299 	 0.457 	 
86.99299 	 0.470 	 
86.99299 	 0.46 	 
86.99299 	 0.470 	 
86.99299 	 0.463 	 
86.99299 	 0.467 	 
86.99299 	 0.463 	 
86.99299 	 0.466 	 
86.99299 	 0.465 	 
86.99299 	 0.465 	 
86.99299 	 0.451 	 
86.99299 	 0.472 	 
86.99299 	 0.456 	 
86.99299 	 0.471 	 
86.99299 	 0.462 	 
86.99299 	 0.467 	 
86.99299 	 0.463 	 
86.99299 	 0.467 	 
86.99299 	 0.465 	 
86.99299 	 0.465 	 
86.99299 	 0.444 	 
86.99299 	 0.473 	 
86.99299 	 0.451 	 
86.99299 	 0.472 	 
86.99299 	 0.461 	 
86.99299 	 0.468 	 
86.99299 	 0.463 	 
86.99299 	 0.468 	 
86.99299 	 0.465 	 
86.99299 	 0.465 	 
86.99299 	 0.437 	 
86.99299 	 0.474 	 
86.99299 	 0.446 	 
86.99299 	 0.473 	 
86.99299 	 0.460 	 
86.99299 	 0.469 	 
86.99299 	 0.462 	 
86.99299 	 0.468 	 
86.99299 	 0.465 	 
86.99299 	 0.465 	 
86.99299 	 0.427 	 
86.99299 	 0.474 	 
86.99299 	 0.440 	 
86.99299 	 0.473 	 
86.99299 	 0.459 	 
86.99299 	 0.469 	 
86.99299 	 0.461 	 
86.99299 	 0.469 	 
86.99299 	 0.464 	 
301866	350.9500 	 0.455 	 
350.9500 	 0.455 	 
350.9500 	 0.455 	 
350.9500 	 0.451 	 
350.9500 	 0.459 	 
350.9500 	 0.452 	 
350.9500 	 0.458 	 
350.9500 	 0.454 	 
350.9500 	 0.456 	 
350.9500 	 0.455 	 
350.9500 	 0.456 	 
350.9500 	 0.455 	 
350.9500 	 0.455 	 
350.9500 	 0.446 	 
350.9500 	 0.462 	 
350.9500 	 0.449 	 
350.9500 	 0.461 	 
350.9500 	 0.453 	 
350.9500 	 0.457 	 
350.9500 	 0.454 	 
350.9500 	 0.458 	 
350.9500 	 0.455 	 
350.9500 	 0.455 	 
350.9500 	 0.441 	 
350.9500 	 0.464 	 
350.9500 	 0.445 	 
350.9500 	 0.462 	 
350.9500 	 0.452 	 
350.9500 	 0.458 	 
350.9500 	 0.453 	 
350.9500 	 0.458 	 
350.9500 	 0.455 	 
350.9500 	 0.455 	 
350.9500 	 0.433 	 
350.9500 	 0.466 	 
350.9500 	 0.441 	 
350.9500 	 0.464 	 
350.9500 	 0.452 	 
350.9500 	 0.459 	 
350.9500 	 0.452 	 
350.9500 	 0.459 	 
350.9500 	 0.455 	 
350.9500 	 0.455 	 
350.9500 	 0.425 	 
350.9500 	 0.467 	 
350.9500 	 0.435 	 
350.9500 	 0.465 	 
350.9500 	 0.451 	 
350.9500 	 0.460 	 
350.9500 	 0.451 	 
350.9500 	 0.460 	 
350.9500 	 0.455 	 
350.9500 	 0.455 	 
350.9500 	 0.417 	 
350.9500 	 0.468 	 
350.9500 	 0.430 	 
350.9500 	 0.466 	 
350.9500 	 0.449 	 
350.9500 	 0.460 	 
350.9500 	 0.450 	 
350.9500 	 0.461 	 
350.9500 	 0.454 	 
301867	824.2000 	 0.450 	 
824.2000 	 0.450 	 
824.2000 	 0.450 	 
824.2000 	 0.445 	 
824.2000 	 0.453 	 
824.2000 	 0.446 	 
824.2000 	 0.452 	 
824.2000 	 0.448 	 
824.2000 	 0.450 	 
824.2000 	 0.449 	 
824.2000 	 0.450 	 
824.2000 	 0.449 	 
824.2000 	 0.450 	 
824.2000 	 0.441 	 
824.2000 	 0.455 	 
824.2000 	 0.443 	 
824.2000 	 0.454 	 
824.2000 	 0.447 	 
824.2000 	 0.451 	 
824.2000 	 0.448 	 
824.2000 	 0.451 	 
824.2000 	 0.449 	 
824.2000 	 0.450 	 
824.2000 	 0.436 	 
824.2000 	 0.457 	 
824.2000 	 0.439 	 
824.2000 	 0.456 	 
824.2000 	 0.446 	 
824.2000 	 0.452 	 
824.2000 	 0.447 	 
824.2000 	 0.451 	 
824.2000 	 0.449 	 
824.2000 	 0.450 	 
824.2000 	 0.430 	 
824.2000 	 0.459 	 
824.2000 	 0.436 	 
824.2000 	 0.457 	 
824.2000 	 0.446 	 
824.2000 	 0.453 	 
824.2000 	 0.446 	 
824.2000 	 0.452 	 
824.2000 	 0.449 	 
824.2000 	 0.450 	 
824.2000 	 0.424 	 
824.2000 	 0.461 	 
824.2000 	 0.431 	 
824.2000 	 0.459 	 
824.2000 	 0.445 	 
824.2000 	 0.453 	 
824.2000 	 0.445 	 
824.2000 	 0.452 	 
824.2000 	 0.449 	 
824.2000 	 0.450 	 
824.2000 	 0.417 	 
824.2000 	 0.462 	 
824.2000 	 0.427 	 
824.2000 	 0.460 	 
824.2000 	 0.444 	 
824.2000 	 0.454 	 
824.2000 	 0.444 	 
824.2000 	 0.453 	 
824.2000 	 0.447 	 
301868	1645.300 	 0.414 	 
1645.300 	 0.413 	 
1645.300 	 0.414 	 
1645.300 	 0.411 	 
1645.300 	 0.417 	 
1645.300 	 0.412 	 
1645.300 	 0.416 	 
1645.300 	 0.413 	 
1645.300 	 0.414 	 
1645.300 	 0.413 	 
1645.300 	 0.414 	 
1645.300 	 0.413 	 
1645.300 	 0.414 	 
1645.300 	 0.407 	 
1645.300 	 0.419 	 
1645.300 	 0.409 	 
1645.300 	 0.418 	 
1645.300 	 0.412 	 
1645.300 	 0.415 	 
1645.300 	 0.413 	 
1645.300 	 0.415 	 
1645.300 	 0.414 	 
1645.300 	 0.414 	 
1645.300 	 0.403 	 
1645.300 	 0.422 	 
1645.300 	 0.406 	 
1645.300 	 0.420 	 
1645.300 	 0.412 	 
1645.300 	 0.415 	 
1645.300 	 0.412 	 
1645.300 	 0.415 	 
1645.300 	 0.414 	 
1645.300 	 0.414 	 
1645.300 	 0.398 	 
1645.300 	 0.424 	 
1645.300 	 0.402 	 
1645.300 	 0.422 	 
1645.300 	 0.411 	 
1645.300 	 0.416 	 
1645.300 	 0.412 	 
1645.300 	 0.415 	 
1645.300 	 0.414 	 
1645.300 	 0.414 	 
1645.300 	 0.394 	 
1645.300 	 0.426 	 
1645.300 	 0.399 	 
1645.300 	 0.424 	 
1645.300 	 0.410 	 
1645.300 	 0.417 	 
1645.300 	 0.411 	 
1645.300 	 0.416 	 
1645.300 	 0.414 	 
1645.300 	 0.414 	 
1645.300 	 0.389 	 
1645.300 	 0.427 	 
1645.300 	 0.396 	 
1645.300 	 0.425 	 
1645.300 	 0.409 	 
1645.300 	 0.417 	 
1645.300 	 0.411 	 
1645.300 	 0.416 	 
1645.300 	 0.414 	 
301883	249.3125 	 0.472 	 
249.3125 	 0.472 	 
249.3125 	 0.472 	 
249.3125 	 0.472 	 
249.3125 	 0.472 	 
249.3125 	 0.472 	 
249.3125 	 0.472 	 
249.3125 	 0.472 	 
249.3125 	 0.472 	 
249.3125 	 0.472 	 
249.3125 	 0.472 	 
249.3125 	 0.472 	 
249.3125 	 0.472 	 
249.3125 	 0.472 	 
249.3125 	 0.472 	 
249.3125 	 0.472 	 
249.3125 	 0.472 	 
249.3125 	 0.472 	 
249.3125 	 0.472 	 
249.3125 	 0.472 	 
249.3125 	 0.472 	 
249.3125 	 0.472 	 
249.3125 	 0.472 	 
249.3125 	 0.472 	 
249.3125 	 0.472 	 
249.3125 	 0.472 	 
249.3125 	 0.472 	 
249.3125 	 0.472 	 
249.3125 	 0.472 	 
249.3125 	 0.472 	 
249.3125 	 0.472 	 
249.3125 	 0.472 	 
249.3125 	 0.472 	 
249.3125 	 0.472 	 
249.3125 	 0.472 	 
249.3125 	 0.472 	 
249.3125 	 0.472 	 
249.3125 	 0.472 	 
249.3125 	 0.472 	 
249.3125 	 0.472 	 
249.3125 	 0.472 	 
249.3125 	 0.472 	 
249.3125 	 0.472 	 
249.3125 	 0.472 	 
249.3125 	 0.472 	 
249.3125 	 0.472 	 
249.3125 	 0.472 	 
249.3125 	 0.472 	 
249.3125 	 0.472 	 
249.3125 	 0.472 	 
249.3125 	 0.472 	 
249.3125 	 0.472 	 
249.3125 	 0.472 	 
249.3125 	 0.472 	 
249.3125 	 0.471 	 
249.3125 	 0.472 	 
249.3125 	 0.472 	 
249.3125 	 0.472 	 
249.3125 	 0.472 	 
249.3125 	 0.472 	 
249.3125 	 0.472 	 
249.3125 	 0.472 	 
301884	1000.724 	 0.469 	 
1000.724 	 0.469 	 
1000.724 	 0.469 	 
1000.724 	 0.469 	 
1000.724 	 0.469 	 
1000.724 	 0.469 	 
1000.724 	 0.469 	 
1000.724 	 0.469 	 
1000.724 	 0.469 	 
1000.724 	 0.469 	 
1000.724 	 0.469 	 
1000.724 	 0.469 	 
1000.724 	 0.469 	 
1000.724 	 0.469 	 
1000.724 	 0.469 	 
1000.724 	 0.469 	 
1000.724 	 0.469 	 
1000.724 	 0.469 	 
1000.724 	 0.469 	 
1000.724 	 0.469 	 
1000.724 	 0.469 	 
1000.724 	 0.469 	 
1000.724 	 0.469 	 
1000.724 	 0.469 	 
1000.724 	 0.469 	 
1000.724 	 0.469 	 
1000.724 	 0.469 	 
1000.724 	 0.469 	 
1000.724 	 0.469 	 
1000.724 	 0.469 	 
1000.724 	 0.469 	 
1000.724 	 0.469 	 
1000.724 	 0.469 	 
1000.724 	 0.469 	 
1000.724 	 0.469 	 
1000.724 	 0.469 	 
1000.724 	 0.469 	 
1000.724 	 0.469 	 
1000.724 	 0.469 	 
1000.724 	 0.469 	 
1000.724 	 0.469 	 
1000.724 	 0.469 	 
1000.724 	 0.469 	 
1000.724 	 0.468 	 
1000.724 	 0.469 	 
1000.724 	 0.468 	 
1000.724 	 0.469 	 
1000.724 	 0.469 	 
1000.724 	 0.469 	 
1000.724 	 0.469 	 
1000.724 	 0.469 	 
1000.724 	 0.469 	 
1000.724 	 0.469 	 
1000.724 	 0.468 	 
1000.724 	 0.469 	 
1000.724 	 0.468 	 
1000.724 	 0.469 	 
1000.724 	 0.469 	 
1000.724 	 0.469 	 
1000.724 	 0.469 	 
1000.724 	 0.469 	 
1000.724 	 0.469 	 
301885	2335.375 	 0.469 	 
2335.375 	 0.47 	 
2335.375 	 0.469 	 
2335.375 	 0.469 	 
2335.375 	 0.470 	 
2335.375 	 0.469 	 
2335.375 	 0.470 	 
2335.375 	 0.469 	 
2335.375 	 0.469 	 
2335.375 	 0.469 	 
2335.375 	 0.470 	 
2335.375 	 0.47 	 
2335.375 	 0.469 	 
2335.375 	 0.469 	 
2335.375 	 0.470 	 
2335.375 	 0.469 	 
2335.375 	 0.470 	 
2335.375 	 0.469 	 
2335.375 	 0.469 	 
2335.375 	 0.469 	 
2335.375 	 0.47 	 
2335.375 	 0.469 	 
2335.375 	 0.469 	 
2335.375 	 0.469 	 
2335.375 	 0.470 	 
2335.375 	 0.469 	 
2335.375 	 0.470 	 
2335.375 	 0.469 	 
2335.375 	 0.47 	 
2335.375 	 0.47 	 
2335.375 	 0.47 	 
2335.375 	 0.469 	 
2335.375 	 0.469 	 
2335.375 	 0.469 	 
2335.375 	 0.470 	 
2335.375 	 0.469 	 
2335.375 	 0.470 	 
2335.375 	 0.469 	 
2335.375 	 0.470 	 
2335.375 	 0.470 	 
2335.375 	 0.469 	 
2335.375 	 0.470 	 
2335.375 	 0.469 	 
2335.375 	 0.469 	 
2335.375 	 0.470 	 
2335.375 	 0.469 	 
2335.375 	 0.470 	 
2335.375 	 0.469 	 
2335.375 	 0.470 	 
2335.375 	 0.470 	 
2335.375 	 0.469 	 
2335.375 	 0.470 	 
2335.375 	 0.469 	 
2335.375 	 0.469 	 
2335.375 	 0.470 	 
2335.375 	 0.469 	 
2335.375 	 0.470 	 
2335.375 	 0.469 	 
2335.375 	 0.470 	 
2335.375 	 0.470 	 
2335.375 	 0.47 	 
2335.375 	 0.47 	 
301886	4521.875 	 0.444 	 
4521.875 	 0.444 	 
4521.875 	 0.445 	 
4521.875 	 0.444 	 
4521.875 	 0.444 	 
4521.875 	 0.444 	 
4521.875 	 0.444 	 
4521.875 	 0.444 	 
4521.875 	 0.444 	 
4521.875 	 0.445 	 
4521.875 	 0.444 	 
4521.875 	 0.444 	 
4521.875 	 0.445 	 
4521.875 	 0.444 	 
4521.875 	 0.444 	 
4521.875 	 0.444 	 
4521.875 	 0.444 	 
4521.875 	 0.444 	 
4521.875 	 0.445 	 
4521.875 	 0.445 	 
4521.875 	 0.444 	 
4521.875 	 0.444 	 
4521.875 	 0.445 	 
4521.875 	 0.444 	 
4521.875 	 0.444 	 
4521.875 	 0.444 	 
4521.875 	 0.444 	 
4521.875 	 0.444 	 
4521.875 	 0.444 	 
4521.875 	 0.445 	 
4521.875 	 0.444 	 
4521.875 	 0.444 	 
4521.875 	 0.444 	 
4521.875 	 0.444 	 
4521.875 	 0.444 	 
4521.875 	 0.444 	 
4521.875 	 0.444 	 
4521.875 	 0.444 	 
4521.875 	 0.444 	 
4521.875 	 0.445 	 
4521.875 	 0.443 	 
4521.875 	 0.444 	 
4521.875 	 0.445 	 
4521.875 	 0.444 	 
4521.875 	 0.444 	 
4521.875 	 0.444 	 
4521.875 	 0.445 	 
4521.875 	 0.444 	 
4521.875 	 0.444 	 
4521.875 	 0.444 	 
4521.875 	 0.443 	 
4521.875 	 0.444 	 
4521.875 	 0.445 	 
4521.875 	 0.444 	 
4521.875 	 0.444 	 
4521.875 	 0.444 	 
4521.875 	 0.444 	 
4521.875 	 0.444 	 
4521.875 	 0.444 	 
4521.875 	 0.445 	 
4521.875 	 0.443 	 
4521.875 	 0.444 	 
304966	146875.0 	 0.011 	 
146875.0 	 0.011 	 
146875.0 	 0.011 	 
146875.0 	 0.011 	 
146875.0 	 0.011 	 
146875.0 	 0.011 	 
146875.0 	 0.011 	 
146875.0 	 0.011 	 
146875.0 	 0.011 	 
146875.0 	 0.011 	 
146875.0 	 0.011 	 
146875.0 	 0.011 	 
146875.0 	 0.011 	 
146875.0 	 0.011 	 
146875.0 	 0.011 	 
146875.0 	 0.011 	 
146875.0 	 0.011 	 
146875.0 	 0.011 	 
146875.0 	 0.011 	 
146875.0 	 0.011 	 
146875.0 	 0.011 	 
146875.0 	 0.011 	 
146875.0 	 0.011 	 
146875.0 	 0.012 	 
146875.0 	 0.010 	 
146875.0 	 0.011 	 
146875.0 	 0.011 	 
146875.0 	 0.011 	 
146875.0 	 0.011 	 
146875.0 	 0.012 	 
146875.0 	 0.011 	 
146875.0 	 0.011 	 
146875.0 	 0.011 	 
146875.0 	 0.012 	 
146875.0 	 0.010 	 
146875.0 	 0.011 	 
146875.0 	 0.011 	 
146875.0 	 0.011 	 
146875.0 	 0.011 	 
146875.0 	 0.012 	 
146875.0 	 0.010 	 
146875.0 	 0.011 	 
146875.0 	 0.011 	 
146875.0 	 0.012 	 
146875.0 	 0.010 	 
146875.0 	 0.011 	 
146875.0 	 0.011 	 
146875.0 	 0.011 	 
146875.0 	 0.011 	 
146875.0 	 0.012 	 
146875.0 	 0.010 	 
146875.0 	 0.011 	 
146875.0 	 0.011 	 
146875.0 	 0.012 	 
146875.0 	 0.010 	 
146875.0 	 0.012 	 
146875.0 	 0.011 	 
146875.0 	 0.011 	 
146875.0 	 0.011 	 
146875.0 	 0.012 	 
146875.0 	 0.010 	 
146875.0 	 0.011 	 
304967	330600.0 	 0.010 	 
330600.0 	 0.010 	 
330600.0 	 0.010 	 
330600.0 	 0.010 	 
330600.0 	 0.010 	 
330600.0 	 0.010 	 
330600.0 	 0.010 	 
330600.0 	 0.010 	 
330600.0 	 0.010 	 
330600.0 	 0.010 	 
330600.0 	 0.010 	 
330600.0 	 0.010 	 
330600.0 	 0.010 	 
330600.0 	 0.010 	 
330600.0 	 0.009 	 
330600.0 	 0.010 	 
330600.0 	 0.010 	 
330600.0 	 0.010 	 
330600.0 	 0.010 	 
330600.0 	 0.010 	 
330600.0 	 0.009 	 
330600.0 	 0.010 	 
330600.0 	 0.010 	 
330600.0 	 0.010 	 
330600.0 	 0.009 	 
330600.0 	 0.010 	 
330600.0 	 0.010 	 
330600.0 	 0.010 	 
330600.0 	 0.010 	 
330600.0 	 0.010 	 
330600.0 	 0.009 	 
330600.0 	 0.010 	 
330600.0 	 0.010 	 
330600.0 	 0.011 	 
330600.0 	 0.009 	 
330600.0 	 0.010 	 
330600.0 	 0.01 	 
330600.0 	 0.010 	 
330600.0 	 0.010 	 
330600.0 	 0.011 	 
330600.0 	 0.009 	 
330600.0 	 0.010 	 
330600.0 	 0.010 	 
330600.0 	 0.011 	 
330600.0 	 0.009 	 
330600.0 	 0.010 	 
330600.0 	 0.009 	 
330600.0 	 0.010 	 
330600.0 	 0.010 	 
330600.0 	 0.011 	 
330600.0 	 0.009 	 
330600.0 	 0.010 	 
330600.0 	 0.010 	 
330600.0 	 0.011 	 
330600.0 	 0.009 	 
330600.0 	 0.010 	 
330600.0 	 0.009 	 
330600.0 	 0.010 	 
330600.0 	 0.009 	 
330600.0 	 0.011 	 
330600.0 	 0.009 	 
330600.0 	 0.010 	 
304968	58978.75 	 0.119 	 
58978.75 	 0.117 	 
58978.75 	 0.121 	 
58978.75 	 0.130 	 
58978.75 	 0.108 	 
58978.75 	 0.123 	 
58978.75 	 0.115 	 
58978.75 	 0.122 	 
58978.75 	 0.116 	 
58978.75 	 0.129 	 
58978.75 	 0.110 	 
58978.75 	 0.116 	 
58978.75 	 0.122 	 
58978.75 	 0.140 	 
58978.75 	 0.098 	 
58978.75 	 0.127 	 
58978.75 	 0.111 	 
58978.75 	 0.125 	 
58978.75 	 0.113 	 
58978.75 	 0.138 	 
58978.75 	 0.101 	 
58978.75 	 0.114 	 
58978.75 	 0.124 	 
58978.75 	 0.152 	 
58978.75 	 0.087 	 
58978.75 	 0.131 	 
58978.75 	 0.107 	 
58978.75 	 0.128 	 
58978.75 	 0.111 	 
58978.75 	 0.147 	 
58978.75 	 0.093 	 
58978.75 	 0.113 	 
58978.75 	 0.125 	 
58978.75 	 0.163 	 
58978.75 	 0.078 	 
58978.75 	 0.134 	 
58978.75 	 0.104 	 
58978.75 	 0.131 	 
58978.75 	 0.108 	 
58978.75 	 0.156 	 
58978.75 	 0.085 	 
58978.75 	 0.111 	 
58978.75 	 0.127 	 
58978.75 	 0.174 	 
58978.75 	 0.069 	 
58978.75 	 0.138 	 
58978.75 	 0.100 	 
58978.75 	 0.133 	 
58978.75 	 0.105 	 
58978.75 	 0.167 	 
58978.75 	 0.077 	 
58978.75 	 0.111 	 
58978.75 	 0.129 	 
58978.75 	 0.184 	 
58978.75 	 0.061 	 
58978.75 	 0.142 	 
58978.75 	 0.096 	 
58978.75 	 0.137 	 
58978.75 	 0.102 	 
58978.75 	 0.176 	 
58978.75 	 0.069 	 
58978.75 	 0.119 	 
304969	132750.0 	 0.125 	 
132750.0 	 0.124 	 
132750.0 	 0.126 	 
132750.0 	 0.136 	 
132750.0 	 0.115 	 
132750.0 	 0.129 	 
132750.0 	 0.122 	 
132750.0 	 0.128 	 
132750.0 	 0.122 	 
132750.0 	 0.135 	 
132750.0 	 0.116 	 
132750.0 	 0.123 	 
132750.0 	 0.128 	 
132750.0 	 0.147 	 
132750.0 	 0.104 	 
132750.0 	 0.133 	 
132750.0 	 0.117 	 
132750.0 	 0.131 	 
132750.0 	 0.120 	 
132750.0 	 0.143 	 
132750.0 	 0.107 	 
132750.0 	 0.122 	 
132750.0 	 0.129 	 
132750.0 	 0.157 	 
132750.0 	 0.093 	 
132750.0 	 0.137 	 
132750.0 	 0.114 	 
132750.0 	 0.134 	 
132750.0 	 0.117 	 
132750.0 	 0.152 	 
132750.0 	 0.120 	 
132750.0 	 0.131 	 
132750.0 	 0.167 	 
132750.0 	 0.140 	 
132750.0 	 0.110 	 
132750.0 	 0.136 	 
132750.0 	 0.114 	 
132750.0 	 0.161 	 
132750.0 	 0.119 	 
132750.0 	 0.132 	 
132750.0 	 0.177 	 
132750.0 	 0.145 	 
132750.0 	 0.106 	 
132750.0 	 0.138 	 
132750.0 	 0.112 	 
132750.0 	 0.170 	 
132750.0 	 0.117 	 
132750.0 	 0.134 	 
132750.0 	 0.186 	 
132750.0 	 0.148 	 
132750.0 	 0.102 	 
132750.0 	 0.141 	 
132750.0 	 0.108 	 
132750.0 	 0.179 	 
132750.0 	 0.126 	 
132750.0 	 0.099 	 
132750.0 	 0.083 	 
132750.0 	 0.090 	 
132750.0 	 0.074 	 
132750.0 	 0.082 	 
132750.0 	 0.066 	 
132750.0 	 0.075 	 
304970	236287.5 	 0.122 	 
236287.5 	 0.121 	 
236287.5 	 0.123 	 
236287.5 	 0.132 	 
236287.5 	 0.111 	 
236287.5 	 0.125 	 
236287.5 	 0.118 	 
236287.5 	 0.124 	 
236287.5 	 0.119 	 
236287.5 	 0.131 	 
236287.5 	 0.113 	 
236287.5 	 0.119 	 
236287.5 	 0.125 	 
236287.5 	 0.141 	 
236287.5 	 0.101 	 
236287.5 	 0.13 	 
236287.5 	 0.115 	 
236287.5 	 0.127 	 
236287.5 	 0.117 	 
236287.5 	 0.139 	 
236287.5 	 0.104 	 
236287.5 	 0.118 	 
236287.5 	 0.126 	 
236287.5 	 0.151 	 
236287.5 	 0.133 	 
236287.5 	 0.111 	 
236287.5 	 0.130 	 
236287.5 	 0.114 	 
236287.5 	 0.147 	 
236287.5 	 0.096 	 
236287.5 	 0.116 	 
236287.5 	 0.127 	 
236287.5 	 0.161 	 
236287.5 	 0.136 	 
236287.5 	 0.106 	 
236287.5 	 0.132 	 
236287.5 	 0.111 	 
236287.5 	 0.155 	 
236287.5 	 0.115 	 
236287.5 	 0.128 	 
236287.5 	 0.172 	 
236287.5 	 0.139 	 
236287.5 	 0.103 	 
236287.5 	 0.135 	 
236287.5 	 0.109 	 
236287.5 	 0.164 	 
236287.5 	 0.114 	 
236287.5 	 0.130 	 
236287.5 	 0.181 	 
236287.5 	 0.142 	 
236287.5 	 0.099 	 
236287.5 	 0.137 	 
236287.5 	 0.106 	 
236287.5 	 0.172 	 
236287.5 	 0.122 	 
236287.5 	 0.092 	 
236287.5 	 0.083 	 
236287.5 	 0.088 	 
236287.5 	 0.075 	 
236287.5 	 0.081 	 
236287.5 	 0.067 	 
236287.5 	 0.075 	 
304971	535662.5 	 0.122 	 
535662.5 	 0.121 	 
535662.5 	 0.124 	 
535662.5 	 0.130 	 
535662.5 	 0.114 	 
535662.5 	 0.126 	 
535662.5 	 0.119 	 
535662.5 	 0.125 	 
535662.5 	 0.120 	 
535662.5 	 0.129 	 
535662.5 	 0.115 	 
535662.5 	 0.120 	 
535662.5 	 0.125 	 
535662.5 	 0.139 	 
535662.5 	 0.104 	 
535662.5 	 0.128 	 
535662.5 	 0.116 	 
535662.5 	 0.127 	 
535662.5 	 0.118 	 
535662.5 	 0.137 	 
535662.5 	 0.108 	 
535662.5 	 0.119 	 
535662.5 	 0.126 	 
535662.5 	 0.148 	 
535662.5 	 0.096 	 
535662.5 	 0.131 	 
535662.5 	 0.113 	 
535662.5 	 0.129 	 
535662.5 	 0.116 	 
535662.5 	 0.144 	 
535662.5 	 0.100 	 
535662.5 	 0.118 	 
535662.5 	 0.127 	 
535662.5 	 0.156 	 
535662.5 	 0.088 	 
535662.5 	 0.134 	 
535662.5 	 0.110 	 
535662.5 	 0.131 	 
535662.5 	 0.113 	 
535662.5 	 0.152 	 
535662.5 	 0.093 	 
535662.5 	 0.116 	 
535662.5 	 0.129 	 
535662.5 	 0.167 	 
535662.5 	 0.080 	 
535662.5 	 0.137 	 
535662.5 	 0.106 	 
535662.5 	 0.133 	 
535662.5 	 0.111 	 
535662.5 	 0.160 	 
535662.5 	 0.087 	 
535662.5 	 0.115 	 
535662.5 	 0.13 	 
535662.5 	 0.176 	 
535662.5 	 0.073 	 
535662.5 	 0.140 	 
535662.5 	 0.103 	 
535662.5 	 0.136 	 
535662.5 	 0.109 	 
535662.5 	 0.169 	 
535662.5 	 0.081 	 
535662.5 	 0.122 	 
304972	27878.75 	 0.352 	 
27878.75 	 0.352 	 
27878.75 	 0.353 	 
27878.75 	 0.355 	 
27878.75 	 0.349 	 
27878.75 	 0.354 	 
27878.75 	 0.351 	 
27878.75 	 0.353 	 
27878.75 	 0.352 	 
27878.75 	 0.355 	 
27878.75 	 0.350 	 
27878.75 	 0.352 	 
27878.75 	 0.353 	 
27878.75 	 0.358 	 
27878.75 	 0.346 	 
27878.75 	 0.355 	 
27878.75 	 0.350 	 
27878.75 	 0.354 	 
27878.75 	 0.351 	 
27878.75 	 0.357 	 
27878.75 	 0.347 	 
27878.75 	 0.351 	 
27878.75 	 0.354 	 
27878.75 	 0.361 	 
27878.75 	 0.342 	 
27878.75 	 0.356 	 
27878.75 	 0.349 	 
27878.75 	 0.355 	 
27878.75 	 0.350 	 
27878.75 	 0.360 	 
27878.75 	 0.344 	 
27878.75 	 0.351 	 
27878.75 	 0.354 	 
27878.75 	 0.365 	 
27878.75 	 0.338 	 
27878.75 	 0.356 	 
27878.75 	 0.348 	 
27878.75 	 0.356 	 
27878.75 	 0.349 	 
27878.75 	 0.363 	 
27878.75 	 0.340 	 
27878.75 	 0.350 	 
27878.75 	 0.354 	 
27878.75 	 0.369 	 
27878.75 	 0.335 	 
27878.75 	 0.358 	 
27878.75 	 0.346 	 
27878.75 	 0.356 	 
27878.75 	 0.348 	 
27878.75 	 0.367 	 
27878.75 	 0.338 	 
27878.75 	 0.350 	 
27878.75 	 0.355 	 
27878.75 	 0.372 	 
27878.75 	 0.330 	 
27878.75 	 0.359 	 
27878.75 	 0.345 	 
27878.75 	 0.357 	 
27878.75 	 0.347 	 
27878.75 	 0.370 	 
27878.75 	 0.334 	 
27878.75 	 0.351 	 
304973	62778.75 	 0.344 	 
62778.75 	 0.343 	 
62778.75 	 0.344 	 
62778.75 	 0.347 	 
62778.75 	 0.340 	 
62778.75 	 0.345 	 
62778.75 	 0.343 	 
62778.75 	 0.345 	 
62778.75 	 0.343 	 
62778.75 	 0.346 	 
62778.75 	 0.340 	 
62778.75 	 0.343 	 
62778.75 	 0.345 	 
62778.75 	 0.351 	 
62778.75 	 0.337 	 
62778.75 	 0.346 	 
62778.75 	 0.341 	 
62778.75 	 0.345 	 
62778.75 	 0.342 	 
62778.75 	 0.350 	 
62778.75 	 0.337 	 
62778.75 	 0.342 	 
62778.75 	 0.345 	 
62778.75 	 0.354 	 
62778.75 	 0.333 	 
62778.75 	 0.347 	 
62778.75 	 0.34 	 
62778.75 	 0.346 	 
62778.75 	 0.341 	 
62778.75 	 0.353 	 
62778.75 	 0.334 	 
62778.75 	 0.341 	 
62778.75 	 0.346 	 
62778.75 	 0.357 	 
62778.75 	 0.330 	 
62778.75 	 0.349 	 
62778.75 	 0.338 	 
62778.75 	 0.347 	 
62778.75 	 0.340 	 
62778.75 	 0.355 	 
62778.75 	 0.332 	 
62778.75 	 0.341 	 
62778.75 	 0.346 	 
62778.75 	 0.361 	 
62778.75 	 0.326 	 
62778.75 	 0.350 	 
62778.75 	 0.337 	 
62778.75 	 0.348 	 
62778.75 	 0.339 	 
62778.75 	 0.358 	 
62778.75 	 0.329 	 
62778.75 	 0.340 	 
62778.75 	 0.346 	 
62778.75 	 0.364 	 
62778.75 	 0.322 	 
62778.75 	 0.351 	 
62778.75 	 0.336 	 
62778.75 	 0.349 	 
62778.75 	 0.339 	 
62778.75 	 0.361 	 
62778.75 	 0.326 	 
62778.75 	 0.344 	 
304974	111741.2 	 0.350 	 
111741.2 	 0.349 	 
111741.2 	 0.351 	 
111741.2 	 0.354 	 
111741.2 	 0.347 	 
111741.2 	 0.351 	 
111741.2 	 0.349 	 
111741.2 	 0.351 	 
111741.2 	 0.349 	 
111741.2 	 0.353 	 
111741.2 	 0.347 	 
111741.2 	 0.349 	 
111741.2 	 0.351 	 
111741.2 	 0.357 	 
111741.2 	 0.344 	 
111741.2 	 0.353 	 
111741.2 	 0.348 	 
111741.2 	 0.352 	 
111741.2 	 0.348 	 
111741.2 	 0.356 	 
111741.2 	 0.344 	 
111741.2 	 0.349 	 
111741.2 	 0.351 	 
111741.2 	 0.361 	 
111741.2 	 0.340 	 
111741.2 	 0.354 	 
111741.2 	 0.346 	 
111741.2 	 0.353 	 
111741.2 	 0.348 	 
111741.2 	 0.359 	 
111741.2 	 0.342 	 
111741.2 	 0.349 	 
111741.2 	 0.352 	 
111741.2 	 0.363 	 
111741.2 	 0.336 	 
111741.2 	 0.355 	 
111741.2 	 0.345 	 
111741.2 	 0.353 	 
111741.2 	 0.347 	 
111741.2 	 0.362 	 
111741.2 	 0.338 	 
111741.2 	 0.348 	 
111741.2 	 0.353 	 
111741.2 	 0.367 	 
111741.2 	 0.331 	 
111741.2 	 0.357 	 
111741.2 	 0.344 	 
111741.2 	 0.354 	 
111741.2 	 0.346 	 
111741.2 	 0.365 	 
111741.2 	 0.335 	 
111741.2 	 0.348 	 
111741.2 	 0.353 	 
111741.2 	 0.371 	 
111741.2 	 0.327 	 
111741.2 	 0.358 	 
111741.2 	 0.343 	 
111741.2 	 0.355 	 
111741.2 	 0.345 	 
111741.2 	 0.368 	 
111741.2 	 0.331 	 
111741.2 	 0.350 	 
304975	253687.5 	 0.330 	 
253687.5 	 0.329 	 
253687.5 	 0.330 	 
253687.5 	 0.333 	 
253687.5 	 0.325 	 
253687.5 	 0.331 	 
253687.5 	 0.328 	 
253687.5 	 0.330 	 
253687.5 	 0.329 	 
253687.5 	 0.332 	 
253687.5 	 0.326 	 
253687.5 	 0.329 	 
253687.5 	 0.331 	 
253687.5 	 0.336 	 
253687.5 	 0.322 	 
253687.5 	 0.332 	 
253687.5 	 0.327 	 
253687.5 	 0.331 	 
253687.5 	 0.328 	 
253687.5 	 0.335 	 
253687.5 	 0.323 	 
253687.5 	 0.329 	 
253687.5 	 0.331 	 
253687.5 	 0.340 	 
253687.5 	 0.318 	 
253687.5 	 0.333 	 
253687.5 	 0.325 	 
253687.5 	 0.332 	 
253687.5 	 0.326 	 
253687.5 	 0.338 	 
253687.5 	 0.320 	 
253687.5 	 0.328 	 
253687.5 	 0.332 	 
253687.5 	 0.343 	 
253687.5 	 0.314 	 
253687.5 	 0.334 	 
253687.5 	 0.323 	 
253687.5 	 0.333 	 
253687.5 	 0.325 	 
253687.5 	 0.342 	 
253687.5 	 0.316 	 
253687.5 	 0.327 	 
253687.5 	 0.332 	 
253687.5 	 0.347 	 
253687.5 	 0.309 	 
253687.5 	 0.335 	 
253687.5 	 0.322 	 
253687.5 	 0.334 	 
253687.5 	 0.325 	 
253687.5 	 0.344 	 
253687.5 	 0.312 	 
253687.5 	 0.327 	 
253687.5 	 0.332 	 
253687.5 	 0.351 	 
253687.5 	 0.305 	 
253687.5 	 0.337 	 
253687.5 	 0.322 	 
253687.5 	 0.334 	 
253687.5 	 0.324 	 
253687.5 	 0.347 	 
253687.5 	 0.309 	 
253687.5 	 0.329 	 
304976	14797.5 	 0.410 	 
14797.5 	 0.410 	 
14797.5 	 0.410 	 
14797.5 	 0.412 	 
14797.5 	 0.408 	 
14797.5 	 0.411 	 
14797.5 	 0.410 	 
14797.5 	 0.410 	 
14797.5 	 0.410 	 
14797.5 	 0.412 	 
14797.5 	 0.409 	 
14797.5 	 0.410 	 
14797.5 	 0.410 	 
14797.5 	 0.413 	 
14797.5 	 0.407 	 
14797.5 	 0.411 	 
14797.5 	 0.409 	 
14797.5 	 0.411 	 
14797.5 	 0.409 	 
14797.5 	 0.413 	 
14797.5 	 0.407 	 
14797.5 	 0.410 	 
14797.5 	 0.411 	 
14797.5 	 0.415 	 
14797.5 	 0.405 	 
14797.5 	 0.412 	 
14797.5 	 0.408 	 
14797.5 	 0.411 	 
14797.5 	 0.409 	 
14797.5 	 0.414 	 
14797.5 	 0.406 	 
14797.5 	 0.409 	 
14797.5 	 0.411 	 
14797.5 	 0.417 	 
14797.5 	 0.403 	 
14797.5 	 0.413 	 
14797.5 	 0.408 	 
14797.5 	 0.412 	 
14797.5 	 0.409 	 
14797.5 	 0.416 	 
14797.5 	 0.404 	 
14797.5 	 0.409 	 
14797.5 	 0.411 	 
14797.5 	 0.418 	 
14797.5 	 0.401 	 
14797.5 	 0.413 	 
14797.5 	 0.407 	 
14797.5 	 0.412 	 
14797.5 	 0.408 	 
14797.5 	 0.417 	 
14797.5 	 0.403 	 
14797.5 	 0.409 	 
14797.5 	 0.411 	 
14797.5 	 0.420 	 
14797.5 	 0.400 	 
14797.5 	 0.414 	 
14797.5 	 0.407 	 
14797.5 	 0.413 	 
14797.5 	 0.408 	 
14797.5 	 0.418 	 
14797.5 	 0.401 	 
14797.5 	 0.410 	 
304977	33306.25 	 0.415 	 
33306.25 	 0.415 	 
33306.25 	 0.415 	 
33306.25 	 0.416 	 
33306.25 	 0.414 	 
33306.25 	 0.416 	 
33306.25 	 0.415 	 
33306.25 	 0.415 	 
33306.25 	 0.415 	 
33306.25 	 0.416 	 
33306.25 	 0.414 	 
33306.25 	 0.415 	 
33306.25 	 0.415 	 
33306.25 	 0.418 	 
33306.25 	 0.412 	 
33306.25 	 0.416 	 
33306.25 	 0.414 	 
33306.25 	 0.416 	 
33306.25 	 0.414 	 
33306.25 	 0.417 	 
33306.25 	 0.412 	 
33306.25 	 0.414 	 
33306.25 	 0.416 	 
33306.25 	 0.419 	 
33306.25 	 0.410 	 
33306.25 	 0.416 	 
33306.25 	 0.413 	 
33306.25 	 0.416 	 
33306.25 	 0.414 	 
33306.25 	 0.419 	 
33306.25 	 0.411 	 
33306.25 	 0.414 	 
33306.25 	 0.416 	 
33306.25 	 0.421 	 
33306.25 	 0.408 	 
33306.25 	 0.417 	 
33306.25 	 0.413 	 
33306.25 	 0.416 	 
33306.25 	 0.414 	 
33306.25 	 0.420 	 
33306.25 	 0.410 	 
33306.25 	 0.414 	 
33306.25 	 0.416 	 
33306.25 	 0.423 	 
33306.25 	 0.406 	 
33306.25 	 0.418 	 
33306.25 	 0.412 	 
33306.25 	 0.417 	 
33306.25 	 0.413 	 
33306.25 	 0.422 	 
33306.25 	 0.408 	 
33306.25 	 0.414 	 
33306.25 	 0.416 	 
33306.25 	 0.424 	 
33306.25 	 0.405 	 
33306.25 	 0.418 	 
33306.25 	 0.411 	 
33306.25 	 0.417 	 
33306.25 	 0.413 	 
33306.25 	 0.423 	 
33306.25 	 0.406 	 
33306.25 	 0.414 	 
304978	59316.25 	 0.410 	 
59316.25 	 0.41 	 
59316.25 	 0.410 	 
59316.25 	 0.412 	 
59316.25 	 0.408 	 
59316.25 	 0.410 	 
59316.25 	 0.409 	 
59316.25 	 0.410 	 
59316.25 	 0.409 	 
59316.25 	 0.411 	 
59316.25 	 0.408 	 
59316.25 	 0.409 	 
59316.25 	 0.410 	 
59316.25 	 0.414 	 
59316.25 	 0.406 	 
59316.25 	 0.411 	 
59316.25 	 0.408 	 
59316.25 	 0.411 	 
59316.25 	 0.409 	 
59316.25 	 0.413 	 
59316.25 	 0.407 	 
59316.25 	 0.409 	 
59316.25 	 0.410 	 
59316.25 	 0.415 	 
59316.25 	 0.404 	 
59316.25 	 0.412 	 
59316.25 	 0.408 	 
59316.25 	 0.411 	 
59316.25 	 0.409 	 
59316.25 	 0.414 	 
59316.25 	 0.406 	 
59316.25 	 0.409 	 
59316.25 	 0.410 	 
59316.25 	 0.417 	 
59316.25 	 0.402 	 
59316.25 	 0.412 	 
59316.25 	 0.407 	 
59316.25 	 0.411 	 
59316.25 	 0.408 	 
59316.25 	 0.416 	 
59316.25 	 0.404 	 
59316.25 	 0.409 	 
59316.25 	 0.411 	 
59316.25 	 0.419 	 
59316.25 	 0.400 	 
59316.25 	 0.413 	 
59316.25 	 0.406 	 
59316.25 	 0.412 	 
59316.25 	 0.408 	 
59316.25 	 0.418 	 
59316.25 	 0.402 	 
59316.25 	 0.408 	 
59316.25 	 0.411 	 
59316.25 	 0.420 	 
59316.25 	 0.398 	 
59316.25 	 0.414 	 
59316.25 	 0.406 	 
59316.25 	 0.412 	 
59316.25 	 0.407 	 
59316.25 	 0.419 	 
59316.25 	 0.400 	 
59316.25 	 0.410 	 
304979	134912.5 	 0.402 	 
134912.5 	 0.402 	 
134912.5 	 0.402 	 
134912.5 	 0.404 	 
134912.5 	 0.400 	 
134912.5 	 0.403 	 
134912.5 	 0.402 	 
134912.5 	 0.403 	 
134912.5 	 0.402 	 
134912.5 	 0.404 	 
134912.5 	 0.401 	 
134912.5 	 0.402 	 
134912.5 	 0.403 	 
134912.5 	 0.406 	 
134912.5 	 0.398 	 
134912.5 	 0.404 	 
134912.5 	 0.401 	 
134912.5 	 0.403 	 
134912.5 	 0.401 	 
134912.5 	 0.406 	 
134912.5 	 0.399 	 
134912.5 	 0.402 	 
134912.5 	 0.403 	 
134912.5 	 0.408 	 
134912.5 	 0.396 	 
134912.5 	 0.404 	 
134912.5 	 0.400 	 
134912.5 	 0.404 	 
134912.5 	 0.401 	 
134912.5 	 0.407 	 
134912.5 	 0.398 	 
134912.5 	 0.401 	 
134912.5 	 0.403 	 
134912.5 	 0.410 	 
134912.5 	 0.394 	 
134912.5 	 0.405 	 
134912.5 	 0.399 	 
134912.5 	 0.404 	 
134912.5 	 0.401 	 
134912.5 	 0.409 	 
134912.5 	 0.396 	 
134912.5 	 0.401 	 
134912.5 	 0.403 	 
134912.5 	 0.413 	 
134912.5 	 0.392 	 
134912.5 	 0.406 	 
134912.5 	 0.399 	 
134912.5 	 0.404 	 
134912.5 	 0.400 	 
134912.5 	 0.411 	 
134912.5 	 0.394 	 
134912.5 	 0.401 	 
134912.5 	 0.404 	 
134912.5 	 0.414 	 
134912.5 	 0.390 	 
134912.5 	 0.407 	 
134912.5 	 0.398 	 
134912.5 	 0.405 	 
134912.5 	 0.399 	 
134912.5 	 0.412 	 
134912.5 	 0.393 	 
134912.5 	 0.402 	 
304980	245750.0 	 0.384 	 
245750.0 	 0.384 	 
245750.0 	 0.385 	 
245750.0 	 0.386 	 
245750.0 	 0.382 	 
245750.0 	 0.385 	 
245750.0 	 0.383 	 
245750.0 	 0.385 	 
245750.0 	 0.384 	 
245750.0 	 0.386 	 
245750.0 	 0.382 	 
245750.0 	 0.384 	 
245750.0 	 0.385 	 
245750.0 	 0.388 	 
245750.0 	 0.380 	 
245750.0 	 0.386 	 
245750.0 	 0.382 	 
245750.0 	 0.385 	 
245750.0 	 0.383 	 
245750.0 	 0.387 	 
245750.0 	 0.380 	 
245750.0 	 0.383 	 
245750.0 	 0.385 	 
245750.0 	 0.390 	 
245750.0 	 0.377 	 
245750.0 	 0.386 	 
245750.0 	 0.382 	 
245750.0 	 0.386 	 
245750.0 	 0.383 	 
245750.0 	 0.389 	 
245750.0 	 0.379 	 
245750.0 	 0.383 	 
245750.0 	 0.385 	 
245750.0 	 0.391 	 
245750.0 	 0.375 	 
245750.0 	 0.387 	 
245750.0 	 0.381 	 
245750.0 	 0.386 	 
245750.0 	 0.382 	 
245750.0 	 0.390 	 
245750.0 	 0.377 	 
245750.0 	 0.383 	 
245750.0 	 0.386 	 
245750.0 	 0.394 	 
245750.0 	 0.374 	 
245750.0 	 0.387 	 
245750.0 	 0.380 	 
245750.0 	 0.386 	 
245750.0 	 0.381 	 
245750.0 	 0.392 	 
245750.0 	 0.375 	 
245750.0 	 0.383 	 
245750.0 	 0.386 	 
245750.0 	 0.395 	 
245750.0 	 0.371 	 
245750.0 	 0.388 	 
245750.0 	 0.38 	 
245750.0 	 0.386 	 
245750.0 	 0.381 	 
245750.0 	 0.393 	 
245750.0 	 0.373 	 
245750.0 	 0.384 	 
304981	8510.0 	 0.447 	 
8510.0 	 0.447 	 
8510.0 	 0.447 	 
8510.0 	 0.448 	 
8510.0 	 0.446 	 
8510.0 	 0.448 	 
8510.0 	 0.447 	 
8510.0 	 0.447 	 
8510.0 	 0.447 	 
8510.0 	 0.448 	 
8510.0 	 0.447 	 
8510.0 	 0.447 	 
8510.0 	 0.447 	 
8510.0 	 0.449 	 
8510.0 	 0.446 	 
8510.0 	 0.448 	 
8510.0 	 0.447 	 
8510.0 	 0.448 	 
8510.0 	 0.447 	 
8510.0 	 0.449 	 
8510.0 	 0.446 	 
8510.0 	 0.447 	 
8510.0 	 0.448 	 
8510.0 	 0.450 	 
8510.0 	 0.445 	 
8510.0 	 0.448 	 
8510.0 	 0.446 	 
8510.0 	 0.448 	 
8510.0 	 0.447 	 
8510.0 	 0.450 	 
8510.0 	 0.445 	 
8510.0 	 0.447 	 
8510.0 	 0.448 	 
8510.0 	 0.451 	 
8510.0 	 0.443 	 
8510.0 	 0.449 	 
8510.0 	 0.446 	 
8510.0 	 0.448 	 
8510.0 	 0.446 	 
8510.0 	 0.451 	 
8510.0 	 0.444 	 
8510.0 	 0.447 	 
8510.0 	 0.448 	 
8510.0 	 0.452 	 
8510.0 	 0.442 	 
8510.0 	 0.449 	 
8510.0 	 0.446 	 
8510.0 	 0.448 	 
8510.0 	 0.446 	 
8510.0 	 0.451 	 
8510.0 	 0.443 	 
8510.0 	 0.447 	 
8510.0 	 0.448 	 
8510.0 	 0.452 	 
8510.0 	 0.441 	 
8510.0 	 0.449 	 
8510.0 	 0.445 	 
8510.0 	 0.448 	 
8510.0 	 0.446 	 
8510.0 	 0.451 	 
8510.0 	 0.442 	 
8510.0 	 0.447 	 
304982	19162.5 	 0.448 	 
19162.5 	 0.448 	 
19162.5 	 0.448 	 
19162.5 	 0.448 	 
19162.5 	 0.447 	 
19162.5 	 0.448 	 
19162.5 	 0.447 	 
19162.5 	 0.448 	 
19162.5 	 0.448 	 
19162.5 	 0.448 	 
19162.5 	 0.447 	 
19162.5 	 0.448 	 
19162.5 	 0.448 	 
19162.5 	 0.449 	 
19162.5 	 0.446 	 
19162.5 	 0.448 	 
19162.5 	 0.447 	 
19162.5 	 0.448 	 
19162.5 	 0.447 	 
19162.5 	 0.449 	 
19162.5 	 0.446 	 
19162.5 	 0.447 	 
19162.5 	 0.448 	 
19162.5 	 0.450 	 
19162.5 	 0.445 	 
19162.5 	 0.448 	 
19162.5 	 0.447 	 
19162.5 	 0.448 	 
19162.5 	 0.447 	 
19162.5 	 0.450 	 
19162.5 	 0.445 	 
19162.5 	 0.447 	 
19162.5 	 0.448 	 
19162.5 	 0.451 	 
19162.5 	 0.444 	 
19162.5 	 0.449 	 
19162.5 	 0.446 	 
19162.5 	 0.449 	 
19162.5 	 0.447 	 
19162.5 	 0.451 	 
19162.5 	 0.445 	 
19162.5 	 0.447 	 
19162.5 	 0.448 	 
19162.5 	 0.453 	 
19162.5 	 0.443 	 
19162.5 	 0.449 	 
19162.5 	 0.446 	 
19162.5 	 0.449 	 
19162.5 	 0.447 	 
19162.5 	 0.451 	 
19162.5 	 0.444 	 
19162.5 	 0.447 	 
19162.5 	 0.448 	 
19162.5 	 0.453 	 
19162.5 	 0.441 	 
19162.5 	 0.449 	 
19162.5 	 0.446 	 
19162.5 	 0.449 	 
19162.5 	 0.447 	 
19162.5 	 0.452 	 
19162.5 	 0.443 	 
19162.5 	 0.447 	 
304983	34131.25 	 0.443 	 
34131.25 	 0.444 	 
34131.25 	 0.444 	 
34131.25 	 0.445 	 
34131.25 	 0.445 	 
34131.25 	 0.443 	 
34131.25 	 0.446 	 
34131.25 	 0.444 	 
34131.25 	 0.444 	 
34131.25 	 0.445 	 
34131.25 	 0.443 	 
34131.25 	 0.446 	 
34131.25 	 0.445 	 
34131.25 	 0.444 	 
34131.25 	 0.446 	 
34131.25 	 0.443 	 
34131.25 	 0.448 	 
34131.25 	 0.445 	 
34131.25 	 0.444 	 
34131.25 	 0.447 	 
34131.25 	 0.442 	 
34131.25 	 0.448 	 
34131.25 	 0.445 	 
34131.25 	 0.444 	 
34131.25 	 0.447 	 
34131.25 	 0.443 	 
34131.25 	 0.443 	 
34131.25 	 0.444 	 
34131.25 	 0.442 	 
34131.25 	 0.444 	 
34131.25 	 0.443 	 
34131.25 	 0.444 	 
34131.25 	 0.443 	 
34131.25 	 0.442 	 
34131.25 	 0.443 	 
34131.25 	 0.444 	 
34131.25 	 0.441 	 
34131.25 	 0.444 	 
34131.25 	 0.442 	 
34131.25 	 0.444 	 
34131.25 	 0.443 	 
34131.25 	 0.442 	 
34131.25 	 0.444 	 
34131.25 	 0.440 	 
34131.25 	 0.442 	 
34131.25 	 0.443 	 
34131.25 	 0.440 	 
34131.25 	 0.444 	 
34131.25 	 0.439 	 
34131.25 	 0.442 	 
34131.25 	 0.442 	 
34131.25 	 0.440 	 
34131.25 	 0.444 	 
34131.25 	 0.438 	 
34131.25 	 0.441 	 
34131.25 	 0.442 	 
34131.25 	 0.439 	 
34131.25 	 0.444 	 
34131.25 	 0.437 	 
34131.25 	 0.441 	 
34131.25 	 0.442 	 
34131.25 	 0.438 	 
304984	77753.75 	 0.433 	 
77753.75 	 0.433 	 
77753.75 	 0.433 	 
77753.75 	 0.435 	 
77753.75 	 0.432 	 
77753.75 	 0.434 	 
77753.75 	 0.433 	 
77753.75 	 0.434 	 
77753.75 	 0.433 	 
77753.75 	 0.435 	 
77753.75 	 0.432 	 
77753.75 	 0.433 	 
77753.75 	 0.434 	 
77753.75 	 0.436 	 
77753.75 	 0.431 	 
77753.75 	 0.434 	 
77753.75 	 0.432 	 
77753.75 	 0.434 	 
77753.75 	 0.433 	 
77753.75 	 0.436 	 
77753.75 	 0.432 	 
77753.75 	 0.433 	 
77753.75 	 0.434 	 
77753.75 	 0.437 	 
77753.75 	 0.430 	 
77753.75 	 0.435 	 
77753.75 	 0.432 	 
77753.75 	 0.434 	 
77753.75 	 0.432 	 
77753.75 	 0.436 	 
77753.75 	 0.431 	 
77753.75 	 0.433 	 
77753.75 	 0.434 	 
77753.75 	 0.438 	 
77753.75 	 0.429 	 
77753.75 	 0.435 	 
77753.75 	 0.432 	 
77753.75 	 0.434 	 
77753.75 	 0.432 	 
77753.75 	 0.437 	 
77753.75 	 0.430 	 
77753.75 	 0.433 	 
77753.75 	 0.434 	 
77753.75 	 0.439 	 
77753.75 	 0.427 	 
77753.75 	 0.436 	 
77753.75 	 0.431 	 
77753.75 	 0.434 	 
77753.75 	 0.432 	 
77753.75 	 0.438 	 
77753.75 	 0.429 	 
77753.75 	 0.432 	 
77753.75 	 0.434 	 
77753.75 	 0.440 	 
77753.75 	 0.426 	 
77753.75 	 0.436 	 
77753.75 	 0.431 	 
77753.75 	 0.435 	 
77753.75 	 0.432 	 
77753.75 	 0.438 	 
77753.75 	 0.428 	 
77753.75 	 0.433 	 
304985	142187.5 	 0.414 	 
142187.5 	 0.414 	 
142187.5 	 0.414 	 
142187.5 	 0.415 	 
142187.5 	 0.413 	 
142187.5 	 0.415 	 
142187.5 	 0.414 	 
142187.5 	 0.415 	 
142187.5 	 0.414 	 
142187.5 	 0.415 	 
142187.5 	 0.414 	 
142187.5 	 0.414 	 
142187.5 	 0.415 	 
142187.5 	 0.417 	 
142187.5 	 0.412 	 
142187.5 	 0.415 	 
142187.5 	 0.414 	 
142187.5 	 0.415 	 
142187.5 	 0.414 	 
142187.5 	 0.417 	 
142187.5 	 0.412 	 
142187.5 	 0.414 	 
142187.5 	 0.415 	 
142187.5 	 0.418 	 
142187.5 	 0.411 	 
142187.5 	 0.416 	 
142187.5 	 0.413 	 
142187.5 	 0.415 	 
142187.5 	 0.414 	 
142187.5 	 0.418 	 
142187.5 	 0.411 	 
142187.5 	 0.414 	 
142187.5 	 0.415 	 
142187.5 	 0.419 	 
142187.5 	 0.410 	 
142187.5 	 0.416 	 
142187.5 	 0.413 	 
142187.5 	 0.416 	 
142187.5 	 0.413 	 
142187.5 	 0.419 	 
142187.5 	 0.410 	 
142187.5 	 0.413 	 
142187.5 	 0.416 	 
142187.5 	 0.420 	 
142187.5 	 0.408 	 
142187.5 	 0.417 	 
142187.5 	 0.412 	 
142187.5 	 0.416 	 
142187.5 	 0.413 	 
142187.5 	 0.419 	 
142187.5 	 0.409 	 
142187.5 	 0.413 	 
142187.5 	 0.416 	 
142187.5 	 0.421 	 
142187.5 	 0.406 	 
142187.5 	 0.417 	 
142187.5 	 0.412 	 
142187.5 	 0.416 	 
142187.5 	 0.413 	 
142187.5 	 0.420 	 
142187.5 	 0.408 	 
142187.5 	 0.414 	 
304986	5193.125 	 0.462 	 
5193.125 	 0.462 	 
5193.125 	 0.462 	 
5193.125 	 0.463 	 
5193.125 	 0.462 	 
5193.125 	 0.463 	 
5193.125 	 0.462 	 
5193.125 	 0.462 	 
5193.125 	 0.462 	 
5193.125 	 0.463 	 
5193.125 	 0.462 	 
5193.125 	 0.462 	 
5193.125 	 0.462 	 
5193.125 	 0.463 	 
5193.125 	 0.461 	 
5193.125 	 0.463 	 
5193.125 	 0.462 	 
5193.125 	 0.463 	 
5193.125 	 0.462 	 
5193.125 	 0.463 	 
5193.125 	 0.461 	 
5193.125 	 0.462 	 
5193.125 	 0.462 	 
5193.125 	 0.464 	 
5193.125 	 0.460 	 
5193.125 	 0.463 	 
5193.125 	 0.462 	 
5193.125 	 0.462 	 
5193.125 	 0.462 	 
5193.125 	 0.463 	 
5193.125 	 0.461 	 
5193.125 	 0.462 	 
5193.125 	 0.462 	 
5193.125 	 0.465 	 
5193.125 	 0.460 	 
5193.125 	 0.463 	 
5193.125 	 0.462 	 
5193.125 	 0.463 	 
5193.125 	 0.462 	 
5193.125 	 0.464 	 
5193.125 	 0.460 	 
5193.125 	 0.462 	 
5193.125 	 0.462 	 
5193.125 	 0.465 	 
5193.125 	 0.459 	 
5193.125 	 0.463 	 
5193.125 	 0.461 	 
5193.125 	 0.463 	 
5193.125 	 0.462 	 
5193.125 	 0.465 	 
5193.125 	 0.460 	 
5193.125 	 0.462 	 
5193.125 	 0.462 	 
5193.125 	 0.466 	 
5193.125 	 0.458 	 
5193.125 	 0.464 	 
5193.125 	 0.461 	 
5193.125 	 0.463 	 
5193.125 	 0.462 	 
5193.125 	 0.465 	 
5193.125 	 0.459 	 
5193.125 	 0.462 	 
304988	20837.5 	 0.465 	 
20837.5 	 0.465 	 
20837.5 	 0.465 	 
20837.5 	 0.466 	 
20837.5 	 0.465 	 
20837.5 	 0.466 	 
20837.5 	 0.465 	 
20837.5 	 0.465 	 
20837.5 	 0.465 	 
20837.5 	 0.466 	 
20837.5 	 0.465 	 
20837.5 	 0.465 	 
20837.5 	 0.465 	 
20837.5 	 0.467 	 
20837.5 	 0.465 	 
20837.5 	 0.466 	 
20837.5 	 0.465 	 
20837.5 	 0.466 	 
20837.5 	 0.465 	 
20837.5 	 0.466 	 
20837.5 	 0.465 	 
20837.5 	 0.465 	 
20837.5 	 0.465 	 
20837.5 	 0.467 	 
20837.5 	 0.464 	 
20837.5 	 0.466 	 
20837.5 	 0.465 	 
20837.5 	 0.466 	 
20837.5 	 0.465 	 
20837.5 	 0.467 	 
20837.5 	 0.465 	 
20837.5 	 0.465 	 
20837.5 	 0.465 	 
20837.5 	 0.468 	 
20837.5 	 0.464 	 
20837.5 	 0.466 	 
20837.5 	 0.465 	 
20837.5 	 0.466 	 
20837.5 	 0.465 	 
20837.5 	 0.468 	 
20837.5 	 0.464 	 
20837.5 	 0.465 	 
20837.5 	 0.465 	 
20837.5 	 0.469 	 
20837.5 	 0.463 	 
20837.5 	 0.467 	 
20837.5 	 0.465 	 
20837.5 	 0.466 	 
20837.5 	 0.465 	 
20837.5 	 0.468 	 
20837.5 	 0.464 	 
20837.5 	 0.465 	 
20837.5 	 0.466 	 
20837.5 	 0.469 	 
20837.5 	 0.462 	 
20837.5 	 0.467 	 
20837.5 	 0.465 	 
20837.5 	 0.466 	 
20837.5 	 0.465 	 
20837.5 	 0.468 	 
20837.5 	 0.463 	 
20837.5 	 0.466 	 
304989	47550.0 	 0.458 	 
47550.0 	 0.458 	 
47550.0 	 0.458 	 
47550.0 	 0.458 	 
47550.0 	 0.457 	 
47550.0 	 0.458 	 
47550.0 	 0.458 	 
47550.0 	 0.458 	 
47550.0 	 0.458 	 
47550.0 	 0.458 	 
47550.0 	 0.457 	 
47550.0 	 0.458 	 
47550.0 	 0.458 	 
47550.0 	 0.459 	 
47550.0 	 0.456 	 
47550.0 	 0.458 	 
47550.0 	 0.457 	 
47550.0 	 0.458 	 
47550.0 	 0.457 	 
47550.0 	 0.459 	 
47550.0 	 0.456 	 
47550.0 	 0.458 	 
47550.0 	 0.458 	 
47550.0 	 0.460 	 
47550.0 	 0.455 	 
47550.0 	 0.459 	 
47550.0 	 0.457 	 
47550.0 	 0.458 	 
47550.0 	 0.457 	 
47550.0 	 0.459 	 
47550.0 	 0.455 	 
47550.0 	 0.457 	 
47550.0 	 0.458 	 
47550.0 	 0.460 	 
47550.0 	 0.455 	 
47550.0 	 0.459 	 
47550.0 	 0.456 	 
47550.0 	 0.458 	 
47550.0 	 0.457 	 
47550.0 	 0.459 	 
47550.0 	 0.455 	 
47550.0 	 0.457 	 
47550.0 	 0.458 	 
47550.0 	 0.461 	 
47550.0 	 0.454 	 
47550.0 	 0.459 	 
47550.0 	 0.456 	 
47550.0 	 0.458 	 
47550.0 	 0.457 	 
47550.0 	 0.460 	 
47550.0 	 0.454 	 
47550.0 	 0.457 	 
47550.0 	 0.458 	 
47550.0 	 0.461 	 
47550.0 	 0.453 	 
47550.0 	 0.459 	 
47550.0 	 0.456 	 
47550.0 	 0.458 	 
47550.0 	 0.456 	 
47550.0 	 0.460 	 
47550.0 	 0.454 	 
47550.0 	 0.457 	 
304990	87291.25 	 0.429 	 
87291.25 	 0.429 	 
87291.25 	 0.429 	 
87291.25 	 0.430 	 
87291.25 	 0.428 	 
87291.25 	 0.430 	 
87291.25 	 0.429 	 
87291.25 	 0.43 	 
87291.25 	 0.429 	 
87291.25 	 0.430 	 
87291.25 	 0.429 	 
87291.25 	 0.429 	 
87291.25 	 0.429 	 
87291.25 	 0.431 	 
87291.25 	 0.427 	 
87291.25 	 0.430 	 
87291.25 	 0.429 	 
87291.25 	 0.430 	 
87291.25 	 0.429 	 
87291.25 	 0.431 	 
87291.25 	 0.428 	 
87291.25 	 0.429 	 
87291.25 	 0.429 	 
87291.25 	 0.432 	 
87291.25 	 0.426 	 
87291.25 	 0.430 	 
87291.25 	 0.428 	 
87291.25 	 0.430 	 
87291.25 	 0.429 	 
87291.25 	 0.431 	 
87291.25 	 0.427 	 
87291.25 	 0.429 	 
87291.25 	 0.429 	 
87291.25 	 0.432 	 
87291.25 	 0.425 	 
87291.25 	 0.431 	 
87291.25 	 0.428 	 
87291.25 	 0.430 	 
87291.25 	 0.428 	 
87291.25 	 0.432 	 
87291.25 	 0.426 	 
87291.25 	 0.429 	 
87291.25 	 0.429 	 
87291.25 	 0.433 	 
87291.25 	 0.424 	 
87291.25 	 0.431 	 
87291.25 	 0.428 	 
87291.25 	 0.430 	 
87291.25 	 0.428 	 
87291.25 	 0.433 	 
87291.25 	 0.425 	 
87291.25 	 0.429 	 
87291.25 	 0.430 	 
87291.25 	 0.434 	 
87291.25 	 0.423 	 
87291.25 	 0.431 	 
87291.25 	 0.427 	 
87291.25 	 0.430 	 
87291.25 	 0.428 	 
87291.25 	 0.433 	 
87291.25 	 0.424 	 
87291.25 	 0.429 	 
304991	7467.875 	 0.468 	 
7467.875 	 0.468 	 
7467.875 	 0.468 	 
7467.875 	 0.469 	 
7467.875 	 0.468 	 
7467.875 	 0.468 	 
7467.875 	 0.468 	 
7467.875 	 0.468 	 
7467.875 	 0.468 	 
7467.875 	 0.468 	 
7467.875 	 0.468 	 
7467.875 	 0.468 	 
7467.875 	 0.468 	 
7467.875 	 0.469 	 
7467.875 	 0.468 	 
7467.875 	 0.468 	 
7467.875 	 0.468 	 
7467.875 	 0.468 	 
7467.875 	 0.468 	 
7467.875 	 0.469 	 
7467.875 	 0.468 	 
7467.875 	 0.468 	 
7467.875 	 0.468 	 
7467.875 	 0.469 	 
7467.875 	 0.467 	 
7467.875 	 0.469 	 
7467.875 	 0.468 	 
7467.875 	 0.468 	 
7467.875 	 0.468 	 
7467.875 	 0.469 	 
7467.875 	 0.467 	 
7467.875 	 0.468 	 
7467.875 	 0.468 	 
7467.875 	 0.469 	 
7467.875 	 0.467 	 
7467.875 	 0.469 	 
7467.875 	 0.468 	 
7467.875 	 0.468 	 
7467.875 	 0.468 	 
7467.875 	 0.469 	 
7467.875 	 0.467 	 
7467.875 	 0.468 	 
7467.875 	 0.468 	 
7467.875 	 0.469 	 
7467.875 	 0.467 	 
7467.875 	 0.469 	 
7467.875 	 0.468 	 
7467.875 	 0.468 	 
7467.875 	 0.468 	 
7467.875 	 0.469 	 
7467.875 	 0.467 	 
7467.875 	 0.468 	 
7467.875 	 0.468 	 
7467.875 	 0.469 	 
7467.875 	 0.466 	 
7467.875 	 0.469 	 
7467.875 	 0.468 	 
7467.875 	 0.468 	 
7467.875 	 0.468 	 
7467.875 	 0.469 	 
7467.875 	 0.466 	 
7467.875 	 0.468 	 
304992	13303.75 	 0.467 	 
13303.75 	 0.467 	 
13303.75 	 0.467 	 
13303.75 	 0.468 	 
13303.75 	 0.467 	 
13303.75 	 0.467 	 
13303.75 	 0.467 	 
13303.75 	 0.467 	 
13303.75 	 0.467 	 
13303.75 	 0.467 	 
13303.75 	 0.467 	 
13303.75 	 0.467 	 
13303.75 	 0.467 	 
13303.75 	 0.468 	 
13303.75 	 0.466 	 
13303.75 	 0.467 	 
13303.75 	 0.467 	 
13303.75 	 0.467 	 
13303.75 	 0.467 	 
13303.75 	 0.468 	 
13303.75 	 0.467 	 
13303.75 	 0.467 	 
13303.75 	 0.467 	 
13303.75 	 0.468 	 
13303.75 	 0.466 	 
13303.75 	 0.468 	 
13303.75 	 0.467 	 
13303.75 	 0.467 	 
13303.75 	 0.467 	 
13303.75 	 0.468 	 
13303.75 	 0.466 	 
13303.75 	 0.467 	 
13303.75 	 0.467 	 
13303.75 	 0.469 	 
13303.75 	 0.466 	 
13303.75 	 0.468 	 
13303.75 	 0.467 	 
13303.75 	 0.467 	 
13303.75 	 0.467 	 
13303.75 	 0.468 	 
13303.75 	 0.466 	 
13303.75 	 0.467 	 
13303.75 	 0.467 	 
13303.75 	 0.469 	 
13303.75 	 0.465 	 
13303.75 	 0.468 	 
13303.75 	 0.466 	 
13303.75 	 0.467 	 
13303.75 	 0.467 	 
13303.75 	 0.468 	 
13303.75 	 0.465 	 
13303.75 	 0.467 	 
13303.75 	 0.467 	 
13303.75 	 0.469 	 
13303.75 	 0.464 	 
13303.75 	 0.468 	 
13303.75 	 0.466 	 
13303.75 	 0.467 	 
13303.75 	 0.467 	 
13303.75 	 0.469 	 
13303.75 	 0.465 	 
13303.75 	 0.467 	 
304993	30422.5 	 0.460 	 
30422.5 	 0.460 	 
30422.5 	 0.460 	 
30422.5 	 0.460 	 
30422.5 	 0.459 	 
30422.5 	 0.460 	 
30422.5 	 0.459 	 
30422.5 	 0.460 	 
30422.5 	 0.46 	 
30422.5 	 0.460 	 
30422.5 	 0.459 	 
30422.5 	 0.46 	 
30422.5 	 0.460 	 
30422.5 	 0.461 	 
30422.5 	 0.458 	 
30422.5 	 0.460 	 
30422.5 	 0.459 	 
30422.5 	 0.460 	 
30422.5 	 0.459 	 
30422.5 	 0.461 	 
30422.5 	 0.459 	 
30422.5 	 0.460 	 
30422.5 	 0.460 	 
30422.5 	 0.461 	 
30422.5 	 0.458 	 
30422.5 	 0.460 	 
30422.5 	 0.459 	 
30422.5 	 0.460 	 
30422.5 	 0.459 	 
30422.5 	 0.461 	 
30422.5 	 0.458 	 
30422.5 	 0.460 	 
30422.5 	 0.460 	 
30422.5 	 0.461 	 
30422.5 	 0.457 	 
30422.5 	 0.461 	 
30422.5 	 0.459 	 
30422.5 	 0.460 	 
30422.5 	 0.459 	 
30422.5 	 0.461 	 
30422.5 	 0.458 	 
30422.5 	 0.460 	 
30422.5 	 0.460 	 
30422.5 	 0.462 	 
30422.5 	 0.457 	 
30422.5 	 0.461 	 
30422.5 	 0.458 	 
30422.5 	 0.460 	 
30422.5 	 0.459 	 
30422.5 	 0.462 	 
30422.5 	 0.457 	 
30422.5 	 0.460 	 
30422.5 	 0.460 	 
30422.5 	 0.462 	 
30422.5 	 0.456 	 
30422.5 	 0.461 	 
30422.5 	 0.458 	 
30422.5 	 0.460 	 
30422.5 	 0.459 	 
30422.5 	 0.462 	 
30422.5 	 0.457 	 
30422.5 	 0.459 	 
304994	56097.5 	 0.431 	 
56097.5 	 0.431 	 
56097.5 	 0.431 	 
56097.5 	 0.432 	 
56097.5 	 0.431 	 
56097.5 	 0.431 	 
56097.5 	 0.431 	 
56097.5 	 0.431 	 
56097.5 	 0.431 	 
56097.5 	 0.432 	 
56097.5 	 0.431 	 
56097.5 	 0.431 	 
56097.5 	 0.431 	 
56097.5 	 0.432 	 
56097.5 	 0.430 	 
56097.5 	 0.432 	 
56097.5 	 0.431 	 
56097.5 	 0.432 	 
56097.5 	 0.431 	 
56097.5 	 0.432 	 
56097.5 	 0.430 	 
56097.5 	 0.431 	 
56097.5 	 0.431 	 
56097.5 	 0.433 	 
56097.5 	 0.429 	 
56097.5 	 0.432 	 
56097.5 	 0.431 	 
56097.5 	 0.432 	 
56097.5 	 0.431 	 
56097.5 	 0.433 	 
56097.5 	 0.430 	 
56097.5 	 0.431 	 
56097.5 	 0.431 	 
56097.5 	 0.434 	 
56097.5 	 0.428 	 
56097.5 	 0.432 	 
56097.5 	 0.430 	 
56097.5 	 0.432 	 
56097.5 	 0.431 	 
56097.5 	 0.433 	 
56097.5 	 0.429 	 
56097.5 	 0.431 	 
56097.5 	 0.431 	 
56097.5 	 0.434 	 
56097.5 	 0.428 	 
56097.5 	 0.432 	 
56097.5 	 0.430 	 
56097.5 	 0.432 	 
56097.5 	 0.431 	 
56097.5 	 0.434 	 
56097.5 	 0.429 	 
56097.5 	 0.431 	 
56097.5 	 0.431 	 
56097.5 	 0.435 	 
56097.5 	 0.427 	 
56097.5 	 0.433 	 
56097.5 	 0.430 	 
56097.5 	 0.432 	 
56097.5 	 0.430 	 
56097.5 	 0.434 	 
56097.5 	 0.428 	 
56097.5 	 0.431 	 
304995	20160.0 	 0.467 	 
20160.0 	 0.467 	 
20160.0 	 0.467 	 
20160.0 	 0.467 	 
20160.0 	 0.466 	 
20160.0 	 0.467 	 
20160.0 	 0.467 	 
20160.0 	 0.467 	 
20160.0 	 0.467 	 
20160.0 	 0.467 	 
20160.0 	 0.466 	 
20160.0 	 0.467 	 
20160.0 	 0.467 	 
20160.0 	 0.467 	 
20160.0 	 0.466 	 
20160.0 	 0.467 	 
20160.0 	 0.466 	 
20160.0 	 0.467 	 
20160.0 	 0.467 	 
20160.0 	 0.467 	 
20160.0 	 0.466 	 
20160.0 	 0.466 	 
20160.0 	 0.467 	 
20160.0 	 0.468 	 
20160.0 	 0.466 	 
20160.0 	 0.467 	 
20160.0 	 0.466 	 
20160.0 	 0.467 	 
20160.0 	 0.466 	 
20160.0 	 0.468 	 
20160.0 	 0.465 	 
20160.0 	 0.466 	 
20160.0 	 0.467 	 
20160.0 	 0.468 	 
20160.0 	 0.465 	 
20160.0 	 0.467 	 
20160.0 	 0.466 	 
20160.0 	 0.467 	 
20160.0 	 0.466 	 
20160.0 	 0.468 	 
20160.0 	 0.465 	 
20160.0 	 0.466 	 
20160.0 	 0.467 	 
20160.0 	 0.469 	 
20160.0 	 0.465 	 
20160.0 	 0.467 	 
20160.0 	 0.466 	 
20160.0 	 0.467 	 
20160.0 	 0.466 	 
20160.0 	 0.469 	 
20160.0 	 0.465 	 
20160.0 	 0.466 	 
20160.0 	 0.467 	 
20160.0 	 0.469 	 
20160.0 	 0.464 	 
20160.0 	 0.467 	 
20160.0 	 0.466 	 
20160.0 	 0.467 	 
20160.0 	 0.466 	 
20160.0 	 0.469 	 
20160.0 	 0.465 	 
20160.0 	 0.467 	 
304996	37350.0 	 0.447 	 
37350.0 	 0.447 	 
37350.0 	 0.447 	 
37350.0 	 0.448 	 
37350.0 	 0.447 	 
37350.0 	 0.448 	 
37350.0 	 0.447 	 
37350.0 	 0.448 	 
37350.0 	 0.447 	 
37350.0 	 0.448 	 
37350.0 	 0.447 	 
37350.0 	 0.447 	 
37350.0 	 0.447 	 
37350.0 	 0.449 	 
37350.0 	 0.446 	 
37350.0 	 0.448 	 
37350.0 	 0.447 	 
37350.0 	 0.448 	 
37350.0 	 0.447 	 
37350.0 	 0.448 	 
37350.0 	 0.446 	 
37350.0 	 0.447 	 
37350.0 	 0.447 	 
37350.0 	 0.449 	 
37350.0 	 0.445 	 
37350.0 	 0.448 	 
37350.0 	 0.447 	 
37350.0 	 0.448 	 
37350.0 	 0.447 	 
37350.0 	 0.449 	 
37350.0 	 0.445 	 
37350.0 	 0.447 	 
37350.0 	 0.447 	 
37350.0 	 0.449 	 
37350.0 	 0.445 	 
37350.0 	 0.448 	 
37350.0 	 0.446 	 
37350.0 	 0.448 	 
37350.0 	 0.447 	 
37350.0 	 0.449 	 
37350.0 	 0.445 	 
37350.0 	 0.447 	 
37350.0 	 0.447 	 
37350.0 	 0.45 	 
37350.0 	 0.445 	 
37350.0 	 0.448 	 
37350.0 	 0.446 	 
37350.0 	 0.448 	 
37350.0 	 0.447 	 
37350.0 	 0.449 	 
37350.0 	 0.445 	 
37350.0 	 0.447 	 
37350.0 	 0.448 	 
37350.0 	 0.450 	 
37350.0 	 0.444 	 
37350.0 	 0.449 	 
37350.0 	 0.446 	 
37350.0 	 0.448 	 
37350.0 	 0.446 	 
37350.0 	 0.449 	 
37350.0 	 0.444 	 
37350.0 	 0.447 	 
304997	25603.75 	 0.435 	 
25603.75 	 0.435 	 
25603.75 	 0.435 	 
25603.75 	 0.436 	 
25603.75 	 0.435 	 
25603.75 	 0.435 	 
25603.75 	 0.435 	 
25603.75 	 0.435 	 
25603.75 	 0.435 	 
25603.75 	 0.435 	 
25603.75 	 0.435 	 
25603.75 	 0.435 	 
25603.75 	 0.435 	 
25603.75 	 0.436 	 
25603.75 	 0.435 	 
25603.75 	 0.435 	 
25603.75 	 0.435 	 
25603.75 	 0.435 	 
25603.75 	 0.435 	 
25603.75 	 0.435 	 
25603.75 	 0.435 	 
25603.75 	 0.435 	 
25603.75 	 0.435 	 
25603.75 	 0.436 	 
25603.75 	 0.434 	 
25603.75 	 0.436 	 
25603.75 	 0.435 	 
25603.75 	 0.435 	 
25603.75 	 0.435 	 
25603.75 	 0.436 	 
25603.75 	 0.434 	 
25603.75 	 0.435 	 
25603.75 	 0.435 	 
25603.75 	 0.437 	 
25603.75 	 0.434 	 
25603.75 	 0.436 	 
25603.75 	 0.435 	 
25603.75 	 0.435 	 
25603.75 	 0.435 	 
25603.75 	 0.436 	 
25603.75 	 0.434 	 
25603.75 	 0.435 	 
25603.75 	 0.435 	 
25603.75 	 0.437 	 
25603.75 	 0.434 	 
25603.75 	 0.436 	 
25603.75 	 0.435 	 
25603.75 	 0.435 	 
25603.75 	 0.435 	 
25603.75 	 0.436 	 
25603.75 	 0.434 	 
25603.75 	 0.435 	 
25603.75 	 0.435 	 
25603.75 	 0.437 	 
25603.75 	 0.433 	 
25603.75 	 0.436 	 
25603.75 	 0.435 	 
25603.75 	 0.435 	 
25603.75 	 0.435 	 
25603.75 	 0.437 	 
25603.75 	 0.434 	 
25603.75 	 0.435 	 
305615	14753.75 	 0.120 	 
14753.75 	 0.119 	 
14753.75 	 0.121 	 
14753.75 	 0.131 	 
14753.75 	 0.109 	 
14753.75 	 0.124 	 
14753.75 	 0.116 	 
14753.75 	 0.123 	 
14753.75 	 0.117 	 
14753.75 	 0.129 	 
14753.75 	 0.110 	 
14753.75 	 0.117 	 
14753.75 	 0.123 	 
14753.75 	 0.144 	 
14753.75 	 0.097 	 
14753.75 	 0.128 	 
14753.75 	 0.112 	 
14753.75 	 0.126 	 
14753.75 	 0.114 	 
14753.75 	 0.141 	 
14753.75 	 0.100 	 
14753.75 	 0.116 	 
14753.75 	 0.125 	 
14753.75 	 0.155 	 
14753.75 	 0.087 	 
14753.75 	 0.132 	 
14753.75 	 0.107 	 
14753.75 	 0.129 	 
14753.75 	 0.111 	 
14753.75 	 0.150 	 
14753.75 	 0.091 	 
14753.75 	 0.114 	 
14753.75 	 0.126 	 
14753.75 	 0.165 	 
14753.75 	 0.078 	 
14753.75 	 0.137 	 
14753.75 	 0.104 	 
14753.75 	 0.131 	 
14753.75 	 0.108 	 
14753.75 	 0.159 	 
14753.75 	 0.084 	 
14753.75 	 0.112 	 
14753.75 	 0.128 	 
14753.75 	 0.175 	 
14753.75 	 0.069 	 
14753.75 	 0.142 	 
14753.75 	 0.099 	 
14753.75 	 0.134 	 
14753.75 	 0.105 	 
14753.75 	 0.169 	 
14753.75 	 0.077 	 
14753.75 	 0.111 	 
14753.75 	 0.129 	 
14753.75 	 0.185 	 
14753.75 	 0.061 	 
14753.75 	 0.145 	 
14753.75 	 0.095 	 
14753.75 	 0.137 	 
14753.75 	 0.103 	 
14753.75 	 0.177 	 
14753.75 	 0.071 	 
14753.75 	 0.121 	 
305616	6973.125 	 0.341 	 
6973.125 	 0.340 	 
6973.125 	 0.341 	 
6973.125 	 0.343 	 
6973.125 	 0.337 	 
6973.125 	 0.342 	 
6973.125 	 0.339 	 
6973.125 	 0.341 	 
6973.125 	 0.340 	 
6973.125 	 0.343 	 
6973.125 	 0.338 	 
6973.125 	 0.340 	 
6973.125 	 0.341 	 
6973.125 	 0.347 	 
6973.125 	 0.334 	 
6973.125 	 0.342 	 
6973.125 	 0.338 	 
6973.125 	 0.342 	 
6973.125 	 0.339 	 
6973.125 	 0.346 	 
6973.125 	 0.335 	 
6973.125 	 0.339 	 
6973.125 	 0.342 	 
6973.125 	 0.350 	 
6973.125 	 0.330 	 
6973.125 	 0.344 	 
6973.125 	 0.337 	 
6973.125 	 0.342 	 
6973.125 	 0.338 	 
6973.125 	 0.348 	 
6973.125 	 0.332 	 
6973.125 	 0.339 	 
6973.125 	 0.342 	 
6973.125 	 0.353 	 
6973.125 	 0.326 	 
6973.125 	 0.345 	 
6973.125 	 0.336 	 
6973.125 	 0.343 	 
6973.125 	 0.337 	 
6973.125 	 0.351 	 
6973.125 	 0.329 	 
6973.125 	 0.339 	 
6973.125 	 0.342 	 
6973.125 	 0.356 	 
6973.125 	 0.323 	 
6973.125 	 0.346 	 
6973.125 	 0.335 	 
6973.125 	 0.344 	 
6973.125 	 0.336 	 
6973.125 	 0.353 	 
6973.125 	 0.326 	 
6973.125 	 0.338 	 
6973.125 	 0.343 	 
6973.125 	 0.359 	 
6973.125 	 0.320 	 
6973.125 	 0.347 	 
6973.125 	 0.334 	 
6973.125 	 0.345 	 
6973.125 	 0.335 	 
6973.125 	 0.356 	 
6973.125 	 0.323 	 
6973.125 	 0.340 	 
305617	3700.625 	 0.419 	 
3700.625 	 0.419 	 
3700.625 	 0.419 	 
3700.625 	 0.420 	 
3700.625 	 0.417 	 
3700.625 	 0.419 	 
3700.625 	 0.418 	 
3700.625 	 0.419 	 
3700.625 	 0.418 	 
3700.625 	 0.420 	 
3700.625 	 0.417 	 
3700.625 	 0.418 	 
3700.625 	 0.419 	 
3700.625 	 0.421 	 
3700.625 	 0.415 	 
3700.625 	 0.420 	 
3700.625 	 0.417 	 
3700.625 	 0.419 	 
3700.625 	 0.418 	 
3700.625 	 0.421 	 
3700.625 	 0.415 	 
3700.625 	 0.418 	 
3700.625 	 0.419 	 
3700.625 	 0.423 	 
3700.625 	 0.413 	 
3700.625 	 0.420 	 
3700.625 	 0.416 	 
3700.625 	 0.420 	 
3700.625 	 0.417 	 
3700.625 	 0.422 	 
3700.625 	 0.414 	 
3700.625 	 0.418 	 
3700.625 	 0.419 	 
3700.625 	 0.425 	 
3700.625 	 0.411 	 
3700.625 	 0.421 	 
3700.625 	 0.416 	 
3700.625 	 0.420 	 
3700.625 	 0.417 	 
3700.625 	 0.424 	 
3700.625 	 0.412 	 
3700.625 	 0.418 	 
3700.625 	 0.419 	 
3700.625 	 0.426 	 
3700.625 	 0.409 	 
3700.625 	 0.421 	 
3700.625 	 0.415 	 
3700.625 	 0.420 	 
3700.625 	 0.416 	 
3700.625 	 0.425 	 
3700.625 	 0.411 	 
3700.625 	 0.417 	 
3700.625 	 0.419 	 
3700.625 	 0.428 	 
3700.625 	 0.407 	 
3700.625 	 0.422 	 
3700.625 	 0.414 	 
3700.625 	 0.421 	 
3700.625 	 0.416 	 
3700.625 	 0.426 	 
3700.625 	 0.409 	 
3700.625 	 0.418 	 
305618	2128.5 	 0.448 	 
2128.5 	 0.448 	 
2128.5 	 0.448 	 
2128.5 	 0.449 	 
2128.5 	 0.447 	 
2128.5 	 0.449 	 
2128.5 	 0.447 	 
2128.5 	 0.448 	 
2128.5 	 0.448 	 
2128.5 	 0.449 	 
2128.5 	 0.447 	 
2128.5 	 0.448 	 
2128.5 	 0.448 	 
2128.5 	 0.450 	 
2128.5 	 0.446 	 
2128.5 	 0.449 	 
2128.5 	 0.447 	 
2128.5 	 0.448 	 
2128.5 	 0.448 	 
2128.5 	 0.450 	 
2128.5 	 0.447 	 
2128.5 	 0.448 	 
2128.5 	 0.449 	 
2128.5 	 0.451 	 
2128.5 	 0.446 	 
2128.5 	 0.449 	 
2128.5 	 0.447 	 
2128.5 	 0.449 	 
2128.5 	 0.447 	 
2128.5 	 0.451 	 
2128.5 	 0.446 	 
2128.5 	 0.448 	 
2128.5 	 0.449 	 
2128.5 	 0.452 	 
2128.5 	 0.445 	 
2128.5 	 0.450 	 
2128.5 	 0.447 	 
2128.5 	 0.449 	 
2128.5 	 0.447 	 
2128.5 	 0.451 	 
2128.5 	 0.445 	 
2128.5 	 0.448 	 
2128.5 	 0.449 	 
2128.5 	 0.453 	 
2128.5 	 0.444 	 
2128.5 	 0.450 	 
2128.5 	 0.446 	 
2128.5 	 0.449 	 
2128.5 	 0.447 	 
2128.5 	 0.452 	 
2128.5 	 0.445 	 
2128.5 	 0.448 	 
2128.5 	 0.449 	 
2128.5 	 0.453 	 
2128.5 	 0.442 	 
2128.5 	 0.450 	 
2128.5 	 0.446 	 
2128.5 	 0.449 	 
2128.5 	 0.447 	 
2128.5 	 0.453 	 
2128.5 	 0.444 	 
2128.5 	 0.448 	 
305619	1299.125 	 0.455 	 
1299.125 	 0.455 	 
1299.125 	 0.455 	 
1299.125 	 0.456 	 
1299.125 	 0.455 	 
1299.125 	 0.455 	 
1299.125 	 0.455 	 
1299.125 	 0.455 	 
1299.125 	 0.455 	 
1299.125 	 0.456 	 
1299.125 	 0.455 	 
1299.125 	 0.455 	 
1299.125 	 0.455 	 
1299.125 	 0.456 	 
1299.125 	 0.454 	 
1299.125 	 0.456 	 
1299.125 	 0.455 	 
1299.125 	 0.456 	 
1299.125 	 0.455 	 
1299.125 	 0.456 	 
1299.125 	 0.454 	 
1299.125 	 0.455 	 
1299.125 	 0.455 	 
1299.125 	 0.457 	 
1299.125 	 0.454 	 
1299.125 	 0.456 	 
1299.125 	 0.455 	 
1299.125 	 0.456 	 
1299.125 	 0.455 	 
1299.125 	 0.456 	 
1299.125 	 0.454 	 
1299.125 	 0.455 	 
1299.125 	 0.455 	 
1299.125 	 0.457 	 
1299.125 	 0.453 	 
1299.125 	 0.456 	 
1299.125 	 0.455 	 
1299.125 	 0.456 	 
1299.125 	 0.455 	 
1299.125 	 0.457 	 
1299.125 	 0.454 	 
1299.125 	 0.455 	 
1299.125 	 0.455 	 
1299.125 	 0.458 	 
1299.125 	 0.453 	 
1299.125 	 0.456 	 
1299.125 	 0.455 	 
1299.125 	 0.456 	 
1299.125 	 0.455 	 
1299.125 	 0.457 	 
1299.125 	 0.453 	 
1299.125 	 0.455 	 
1299.125 	 0.456 	 
1299.125 	 0.458 	 
1299.125 	 0.452 	 
1299.125 	 0.456 	 
1299.125 	 0.454 	 
1299.125 	 0.456 	 
1299.125 	 0.455 	 
1299.125 	 0.458 	 
1299.125 	 0.453 	 
1299.125 	 0.455 	 
305620	829.0999 	 0.464 	 
829.0999 	 0.464 	 
829.0999 	 0.464 	 
829.0999 	 0.464 	 
829.0999 	 0.464 	 
829.0999 	 0.464 	 
829.0999 	 0.464 	 
829.0999 	 0.464 	 
829.0999 	 0.464 	 
829.0999 	 0.464 	 
829.0999 	 0.464 	 
829.0999 	 0.464 	 
829.0999 	 0.464 	 
829.0999 	 0.465 	 
829.0999 	 0.463 	 
829.0999 	 0.464 	 
829.0999 	 0.464 	 
829.0999 	 0.464 	 
829.0999 	 0.464 	 
829.0999 	 0.464 	 
829.0999 	 0.463 	 
829.0999 	 0.464 	 
829.0999 	 0.464 	 
829.0999 	 0.465 	 
829.0999 	 0.462 	 
829.0999 	 0.464 	 
829.0999 	 0.464 	 
829.0999 	 0.464 	 
829.0999 	 0.464 	 
829.0999 	 0.464 	 
829.0999 	 0.463 	 
829.0999 	 0.464 	 
829.0999 	 0.464 	 
829.0999 	 0.465 	 
829.0999 	 0.462 	 
829.0999 	 0.464 	 
829.0999 	 0.463 	 
829.0999 	 0.464 	 
829.0999 	 0.464 	 
829.0999 	 0.465 	 
829.0999 	 0.462 	 
829.0999 	 0.464 	 
829.0999 	 0.464 	 
829.0999 	 0.465 	 
829.0999 	 0.461 	 
829.0999 	 0.464 	 
829.0999 	 0.463 	 
829.0999 	 0.464 	 
829.0999 	 0.464 	 
829.0999 	 0.465 	 
829.0999 	 0.462 	 
829.0999 	 0.464 	 
829.0999 	 0.464 	 
829.0999 	 0.466 	 
829.0999 	 0.461 	 
829.0999 	 0.465 	 
829.0999 	 0.463 	 
829.0999 	 0.464 	 
829.0999 	 0.463 	 
829.0999 	 0.465 	 
829.0999 	 0.462 	 
829.0999 	 0.464 	 
305621	3317.5 	 0.462 	 
3317.5 	 0.462 	 
3317.5 	 0.462 	 
3317.5 	 0.462 	 
3317.5 	 0.462 	 
3317.5 	 0.462 	 
3317.5 	 0.462 	 
3317.5 	 0.462 	 
3317.5 	 0.462 	 
3317.5 	 0.462 	 
3317.5 	 0.462 	 
3317.5 	 0.462 	 
3317.5 	 0.462 	 
3317.5 	 0.463 	 
3317.5 	 0.461 	 
3317.5 	 0.462 	 
3317.5 	 0.462 	 
3317.5 	 0.462 	 
3317.5 	 0.462 	 
3317.5 	 0.462 	 
3317.5 	 0.462 	 
3317.5 	 0.462 	 
3317.5 	 0.462 	 
3317.5 	 0.463 	 
3317.5 	 0.461 	 
3317.5 	 0.462 	 
3317.5 	 0.462 	 
3317.5 	 0.462 	 
3317.5 	 0.462 	 
3317.5 	 0.463 	 
3317.5 	 0.461 	 
3317.5 	 0.462 	 
3317.5 	 0.462 	 
3317.5 	 0.463 	 
3317.5 	 0.461 	 
3317.5 	 0.462 	 
3317.5 	 0.462 	 
3317.5 	 0.462 	 
3317.5 	 0.462 	 
3317.5 	 0.463 	 
3317.5 	 0.461 	 
3317.5 	 0.462 	 
3317.5 	 0.462 	 
3317.5 	 0.464 	 
3317.5 	 0.460 	 
3317.5 	 0.463 	 
3317.5 	 0.462 	 
3317.5 	 0.462 	 
3317.5 	 0.462 	 
3317.5 	 0.463 	 
3317.5 	 0.461 	 
3317.5 	 0.462 	 
3317.5 	 0.462 	 
3317.5 	 0.464 	 
3317.5 	 0.460 	 
3317.5 	 0.463 	 
3317.5 	 0.461 	 
3317.5 	 0.462 	 
3317.5 	 0.462 	 
3317.5 	 0.464 	 
3317.5 	 0.461 	 
3317.5 	 0.462 	 
