301859	2148.800 	 0.459 	 
2148.800 	 0.459 	 
2148.800 	 0.459 	 
2148.800 	 0.46 	 
2148.800 	 0.459 	 
2148.800 	 0.459 	 
2148.800 	 0.459 	 
2148.800 	 0.459 	 
2148.800 	 0.459 	 
2148.800 	 0.459 	 
2148.800 	 0.459 	 
2148.800 	 0.459 	 
2148.800 	 0.459 	 
2148.800 	 0.460 	 
2148.800 	 0.458 	 
2148.800 	 0.459 	 
2148.800 	 0.459 	 
2148.800 	 0.459 	 
2148.800 	 0.459 	 
2148.800 	 0.460 	 
2148.800 	 0.459 	 
2148.800 	 0.459 	 
2148.800 	 0.459 	 
2148.800 	 0.460 	 
2148.800 	 0.458 	 
2148.800 	 0.46 	 
2148.800 	 0.459 	 
2148.800 	 0.459 	 
2148.800 	 0.459 	 
2148.800 	 0.460 	 
2148.800 	 0.459 	 
2148.800 	 0.459 	 
2148.800 	 0.459 	 
2148.800 	 0.461 	 
2148.800 	 0.457 	 
2148.800 	 0.460 	 
2148.800 	 0.459 	 
2148.800 	 0.460 	 
2148.800 	 0.459 	 
2148.800 	 0.460 	 
2148.800 	 0.458 	 
2148.800 	 0.459 	 
2148.800 	 0.459 	 
2148.800 	 0.461 	 
2148.800 	 0.457 	 
2148.800 	 0.460 	 
2148.800 	 0.458 	 
2148.800 	 0.460 	 
2148.800 	 0.459 	 
2148.800 	 0.461 	 
2148.800 	 0.458 	 
2148.800 	 0.459 	 
2148.800 	 0.459 	 
2148.800 	 0.462 	 
2148.800 	 0.456 	 
2148.800 	 0.460 	 
2148.800 	 0.458 	 
2148.800 	 0.460 	 
2148.800 	 0.459 	 
2148.800 	 0.461 	 
2148.800 	 0.457 	 
2148.800 	 0.459 	 
301860	8624.0 	 0.455 	 
8624.0 	 0.455 	 
8624.0 	 0.455 	 
8624.0 	 0.456 	 
8624.0 	 0.454 	 
8624.0 	 0.455 	 
8624.0 	 0.455 	 
8624.0 	 0.455 	 
8624.0 	 0.455 	 
8624.0 	 0.455 	 
8624.0 	 0.455 	 
8624.0 	 0.455 	 
8624.0 	 0.455 	 
8624.0 	 0.456 	 
8624.0 	 0.454 	 
8624.0 	 0.456 	 
8624.0 	 0.454 	 
8624.0 	 0.455 	 
8624.0 	 0.455 	 
8624.0 	 0.456 	 
8624.0 	 0.454 	 
8624.0 	 0.455 	 
8624.0 	 0.455 	 
8624.0 	 0.457 	 
8624.0 	 0.454 	 
8624.0 	 0.456 	 
8624.0 	 0.454 	 
8624.0 	 0.455 	 
8624.0 	 0.455 	 
8624.0 	 0.456 	 
8624.0 	 0.454 	 
8624.0 	 0.455 	 
8624.0 	 0.455 	 
8624.0 	 0.457 	 
8624.0 	 0.453 	 
8624.0 	 0.456 	 
8624.0 	 0.454 	 
8624.0 	 0.456 	 
8624.0 	 0.454 	 
8624.0 	 0.457 	 
8624.0 	 0.454 	 
8624.0 	 0.455 	 
8624.0 	 0.455 	 
8624.0 	 0.458 	 
8624.0 	 0.453 	 
8624.0 	 0.456 	 
8624.0 	 0.454 	 
8624.0 	 0.456 	 
8624.0 	 0.454 	 
8624.0 	 0.457 	 
8624.0 	 0.453 	 
8624.0 	 0.455 	 
8624.0 	 0.455 	 
8624.0 	 0.458 	 
8624.0 	 0.452 	 
8624.0 	 0.456 	 
8624.0 	 0.454 	 
8624.0 	 0.456 	 
8624.0 	 0.454 	 
8624.0 	 0.457 	 
8624.0 	 0.453 	 
8624.0 	 0.455 	 
301861	19733.0 	 0.445 	 
19733.0 	 0.445 	 
19733.0 	 0.445 	 
19733.0 	 0.446 	 
19733.0 	 0.445 	 
19733.0 	 0.446 	 
19733.0 	 0.445 	 
19733.0 	 0.445 	 
19733.0 	 0.445 	 
19733.0 	 0.446 	 
19733.0 	 0.445 	 
19733.0 	 0.445 	 
19733.0 	 0.445 	 
19733.0 	 0.447 	 
19733.0 	 0.444 	 
19733.0 	 0.446 	 
19733.0 	 0.445 	 
19733.0 	 0.445 	 
19733.0 	 0.445 	 
19733.0 	 0.446 	 
19733.0 	 0.444 	 
19733.0 	 0.445 	 
19733.0 	 0.445 	 
19733.0 	 0.448 	 
19733.0 	 0.443 	 
19733.0 	 0.446 	 
19733.0 	 0.445 	 
19733.0 	 0.446 	 
19733.0 	 0.445 	 
19733.0 	 0.447 	 
19733.0 	 0.444 	 
19733.0 	 0.445 	 
19733.0 	 0.445 	 
19733.0 	 0.448 	 
19733.0 	 0.443 	 
19733.0 	 0.446 	 
19733.0 	 0.444 	 
19733.0 	 0.446 	 
19733.0 	 0.445 	 
19733.0 	 0.447 	 
19733.0 	 0.444 	 
19733.0 	 0.445 	 
19733.0 	 0.445 	 
19733.0 	 0.449 	 
19733.0 	 0.442 	 
19733.0 	 0.447 	 
19733.0 	 0.444 	 
19733.0 	 0.446 	 
19733.0 	 0.445 	 
19733.0 	 0.448 	 
19733.0 	 0.443 	 
19733.0 	 0.445 	 
19733.0 	 0.446 	 
19733.0 	 0.449 	 
19733.0 	 0.442 	 
19733.0 	 0.447 	 
19733.0 	 0.444 	 
19733.0 	 0.446 	 
19733.0 	 0.445 	 
19733.0 	 0.448 	 
19733.0 	 0.443 	 
19733.0 	 0.445 	 
301862	363.6000 	 0.467 	 
363.6000 	 0.467 	 
363.6000 	 0.467 	 
363.6000 	 0.467 	 
363.6000 	 0.467 	 
363.6000 	 0.467 	 
363.6000 	 0.467 	 
363.6000 	 0.467 	 
363.6000 	 0.467 	 
363.6000 	 0.467 	 
363.6000 	 0.467 	 
363.6000 	 0.467 	 
363.6000 	 0.467 	 
363.6000 	 0.468 	 
363.6000 	 0.467 	 
363.6000 	 0.467 	 
363.6000 	 0.467 	 
363.6000 	 0.467 	 
363.6000 	 0.467 	 
363.6000 	 0.467 	 
363.6000 	 0.467 	 
363.6000 	 0.467 	 
363.6000 	 0.467 	 
363.6000 	 0.468 	 
363.6000 	 0.467 	 
363.6000 	 0.467 	 
363.6000 	 0.467 	 
363.6000 	 0.467 	 
363.6000 	 0.467 	 
363.6000 	 0.467 	 
363.6000 	 0.467 	 
363.6000 	 0.467 	 
363.6000 	 0.467 	 
363.6000 	 0.468 	 
363.6000 	 0.467 	 
363.6000 	 0.467 	 
363.6000 	 0.467 	 
363.6000 	 0.467 	 
363.6000 	 0.467 	 
363.6000 	 0.467 	 
363.6000 	 0.467 	 
363.6000 	 0.467 	 
363.6000 	 0.467 	 
363.6000 	 0.468 	 
363.6000 	 0.467 	 
363.6000 	 0.467 	 
363.6000 	 0.467 	 
363.6000 	 0.467 	 
363.6000 	 0.467 	 
363.6000 	 0.467 	 
363.6000 	 0.467 	 
363.6000 	 0.467 	 
363.6000 	 0.467 	 
363.6000 	 0.468 	 
363.6000 	 0.466 	 
363.6000 	 0.467 	 
363.6000 	 0.467 	 
363.6000 	 0.467 	 
363.6000 	 0.467 	 
363.6000 	 0.467 	 
363.6000 	 0.467 	 
363.6000 	 0.468 	 
301863	1462.5 	 0.463 	 
1462.5 	 0.463 	 
1462.5 	 0.463 	 
1462.5 	 0.463 	 
1462.5 	 0.463 	 
1462.5 	 0.463 	 
1462.5 	 0.463 	 
1462.5 	 0.463 	 
1462.5 	 0.463 	 
1462.5 	 0.463 	 
1462.5 	 0.463 	 
1462.5 	 0.463 	 
1462.5 	 0.463 	 
1462.5 	 0.463 	 
1462.5 	 0.462 	 
1462.5 	 0.463 	 
1462.5 	 0.463 	 
1462.5 	 0.463 	 
1462.5 	 0.463 	 
1462.5 	 0.463 	 
1462.5 	 0.463 	 
1462.5 	 0.463 	 
1462.5 	 0.463 	 
1462.5 	 0.463 	 
1462.5 	 0.462 	 
1462.5 	 0.463 	 
1462.5 	 0.463 	 
1462.5 	 0.463 	 
1462.5 	 0.463 	 
1462.5 	 0.463 	 
1462.5 	 0.463 	 
1462.5 	 0.463 	 
1462.5 	 0.463 	 
1462.5 	 0.463 	 
1462.5 	 0.463 	 
1462.5 	 0.463 	 
1462.5 	 0.463 	 
1462.5 	 0.463 	 
1462.5 	 0.463 	 
1462.5 	 0.463 	 
1462.5 	 0.463 	 
1462.5 	 0.463 	 
1462.5 	 0.463 	 
1462.5 	 0.464 	 
1462.5 	 0.462 	 
1462.5 	 0.463 	 
1462.5 	 0.463 	 
1462.5 	 0.463 	 
1462.5 	 0.463 	 
1462.5 	 0.463 	 
1462.5 	 0.463 	 
1462.5 	 0.463 	 
1462.5 	 0.463 	 
1462.5 	 0.464 	 
1462.5 	 0.462 	 
1462.5 	 0.463 	 
1462.5 	 0.463 	 
1462.5 	 0.463 	 
1462.5 	 0.463 	 
1462.5 	 0.463 	 
1462.5 	 0.463 	 
1462.5 	 0.463 	 
301864	3382.5 	 0.468 	 
3382.5 	 0.468 	 
3382.5 	 0.468 	 
3382.5 	 0.468 	 
3382.5 	 0.468 	 
3382.5 	 0.468 	 
3382.5 	 0.468 	 
3382.5 	 0.468 	 
3382.5 	 0.468 	 
3382.5 	 0.468 	 
3382.5 	 0.468 	 
3382.5 	 0.468 	 
3382.5 	 0.468 	 
3382.5 	 0.468 	 
3382.5 	 0.468 	 
3382.5 	 0.468 	 
3382.5 	 0.468 	 
3382.5 	 0.468 	 
3382.5 	 0.468 	 
3382.5 	 0.468 	 
3382.5 	 0.468 	 
3382.5 	 0.468 	 
3382.5 	 0.468 	 
3382.5 	 0.469 	 
3382.5 	 0.468 	 
3382.5 	 0.468 	 
3382.5 	 0.468 	 
3382.5 	 0.468 	 
3382.5 	 0.468 	 
3382.5 	 0.469 	 
3382.5 	 0.468 	 
3382.5 	 0.468 	 
3382.5 	 0.468 	 
3382.5 	 0.468 	 
3382.5 	 0.467 	 
3382.5 	 0.468 	 
3382.5 	 0.468 	 
3382.5 	 0.468 	 
3382.5 	 0.468 	 
3382.5 	 0.469 	 
3382.5 	 0.467 	 
3382.5 	 0.468 	 
3382.5 	 0.468 	 
3382.5 	 0.469 	 
3382.5 	 0.467 	 
3382.5 	 0.468 	 
3382.5 	 0.468 	 
3382.5 	 0.468 	 
3382.5 	 0.468 	 
3382.5 	 0.469 	 
3382.5 	 0.467 	 
3382.5 	 0.468 	 
3382.5 	 0.468 	 
3382.5 	 0.469 	 
3382.5 	 0.467 	 
3382.5 	 0.468 	 
3382.5 	 0.468 	 
3382.5 	 0.468 	 
3382.5 	 0.468 	 
3382.5 	 0.469 	 
3382.5 	 0.467 	 
3382.5 	 0.468 	 
301865	86.99299 	 0.464 	 
86.99299 	 0.464 	 
86.99299 	 0.464 	 
86.99299 	 0.460 	 
86.99299 	 0.466 	 
86.99299 	 0.461 	 
86.99299 	 0.466 	 
86.99299 	 0.463 	 
86.99299 	 0.464 	 
86.99299 	 0.463 	 
86.99299 	 0.464 	 
86.99299 	 0.463 	 
86.99299 	 0.464 	 
86.99299 	 0.456 	 
86.99299 	 0.469 	 
86.99299 	 0.458 	 
86.99299 	 0.468 	 
86.99299 	 0.462 	 
86.99299 	 0.465 	 
86.99299 	 0.462 	 
86.99299 	 0.465 	 
86.99299 	 0.463 	 
86.99299 	 0.464 	 
86.99299 	 0.450 	 
86.99299 	 0.470 	 
86.99299 	 0.454 	 
86.99299 	 0.469 	 
86.99299 	 0.460 	 
86.99299 	 0.466 	 
86.99299 	 0.461 	 
86.99299 	 0.465 	 
86.99299 	 0.463 	 
86.99299 	 0.464 	 
86.99299 	 0.443 	 
86.99299 	 0.471 	 
86.99299 	 0.450 	 
86.99299 	 0.470 	 
86.99299 	 0.459 	 
86.99299 	 0.466 	 
86.99299 	 0.461 	 
86.99299 	 0.466 	 
86.99299 	 0.463 	 
86.99299 	 0.463 	 
86.99299 	 0.435 	 
86.99299 	 0.472 	 
86.99299 	 0.445 	 
86.99299 	 0.471 	 
86.99299 	 0.458 	 
86.99299 	 0.467 	 
86.99299 	 0.460 	 
86.99299 	 0.466 	 
86.99299 	 0.463 	 
86.99299 	 0.463 	 
86.99299 	 0.425 	 
86.99299 	 0.472 	 
86.99299 	 0.439 	 
86.99299 	 0.472 	 
86.99299 	 0.458 	 
86.99299 	 0.467 	 
86.99299 	 0.459 	 
86.99299 	 0.467 	 
86.99299 	 0.462 	 
301866	350.9500 	 0.454 	 
350.9500 	 0.454 	 
350.9500 	 0.454 	 
350.9500 	 0.450 	 
350.9500 	 0.458 	 
350.9500 	 0.451 	 
350.9500 	 0.457 	 
350.9500 	 0.453 	 
350.9500 	 0.455 	 
350.9500 	 0.453 	 
350.9500 	 0.455 	 
350.9500 	 0.454 	 
350.9500 	 0.454 	 
350.9500 	 0.445 	 
350.9500 	 0.461 	 
350.9500 	 0.448 	 
350.9500 	 0.460 	 
350.9500 	 0.452 	 
350.9500 	 0.456 	 
350.9500 	 0.452 	 
350.9500 	 0.456 	 
350.9500 	 0.454 	 
350.9500 	 0.454 	 
350.9500 	 0.440 	 
350.9500 	 0.463 	 
350.9500 	 0.444 	 
350.9500 	 0.461 	 
350.9500 	 0.451 	 
350.9500 	 0.457 	 
350.9500 	 0.452 	 
350.9500 	 0.457 	 
350.9500 	 0.454 	 
350.9500 	 0.454 	 
350.9500 	 0.432 	 
350.9500 	 0.464 	 
350.9500 	 0.440 	 
350.9500 	 0.463 	 
350.9500 	 0.451 	 
350.9500 	 0.458 	 
350.9500 	 0.451 	 
350.9500 	 0.457 	 
350.9500 	 0.454 	 
350.9500 	 0.454 	 
350.9500 	 0.424 	 
350.9500 	 0.465 	 
350.9500 	 0.434 	 
350.9500 	 0.464 	 
350.9500 	 0.450 	 
350.9500 	 0.459 	 
350.9500 	 0.450 	 
350.9500 	 0.458 	 
350.9500 	 0.454 	 
350.9500 	 0.454 	 
350.9500 	 0.415 	 
350.9500 	 0.467 	 
350.9500 	 0.429 	 
350.9500 	 0.465 	 
350.9500 	 0.448 	 
350.9500 	 0.459 	 
350.9500 	 0.449 	 
350.9500 	 0.459 	 
350.9500 	 0.453 	 
301867	824.2000 	 0.447 	 
824.2000 	 0.447 	 
824.2000 	 0.447 	 
824.2000 	 0.443 	 
824.2000 	 0.450 	 
824.2000 	 0.443 	 
824.2000 	 0.449 	 
824.2000 	 0.446 	 
824.2000 	 0.448 	 
824.2000 	 0.446 	 
824.2000 	 0.447 	 
824.2000 	 0.447 	 
824.2000 	 0.447 	 
824.2000 	 0.438 	 
824.2000 	 0.452 	 
824.2000 	 0.441 	 
824.2000 	 0.451 	 
824.2000 	 0.444 	 
824.2000 	 0.448 	 
824.2000 	 0.445 	 
824.2000 	 0.448 	 
824.2000 	 0.446 	 
824.2000 	 0.447 	 
824.2000 	 0.433 	 
824.2000 	 0.454 	 
824.2000 	 0.436 	 
824.2000 	 0.453 	 
824.2000 	 0.444 	 
824.2000 	 0.449 	 
824.2000 	 0.444 	 
824.2000 	 0.448 	 
824.2000 	 0.446 	 
824.2000 	 0.447 	 
824.2000 	 0.427 	 
824.2000 	 0.456 	 
824.2000 	 0.433 	 
824.2000 	 0.454 	 
824.2000 	 0.443 	 
824.2000 	 0.450 	 
824.2000 	 0.443 	 
824.2000 	 0.449 	 
824.2000 	 0.446 	 
824.2000 	 0.447 	 
824.2000 	 0.421 	 
824.2000 	 0.458 	 
824.2000 	 0.429 	 
824.2000 	 0.456 	 
824.2000 	 0.442 	 
824.2000 	 0.450 	 
824.2000 	 0.443 	 
824.2000 	 0.449 	 
824.2000 	 0.446 	 
824.2000 	 0.447 	 
824.2000 	 0.414 	 
824.2000 	 0.459 	 
824.2000 	 0.424 	 
824.2000 	 0.457 	 
824.2000 	 0.441 	 
824.2000 	 0.451 	 
824.2000 	 0.442 	 
824.2000 	 0.450 	 
824.2000 	 0.444 	 
301868	1645.300 	 0.405 	 
1645.300 	 0.405 	 
1645.300 	 0.405 	 
1645.300 	 0.402 	 
1645.300 	 0.408 	 
1645.300 	 0.403 	 
1645.300 	 0.407 	 
1645.300 	 0.405 	 
1645.300 	 0.406 	 
1645.300 	 0.405 	 
1645.300 	 0.405 	 
1645.300 	 0.405 	 
1645.300 	 0.405 	 
1645.300 	 0.399 	 
1645.300 	 0.411 	 
1645.300 	 0.400 	 
1645.300 	 0.410 	 
1645.300 	 0.404 	 
1645.300 	 0.407 	 
1645.300 	 0.404 	 
1645.300 	 0.406 	 
1645.300 	 0.405 	 
1645.300 	 0.405 	 
1645.300 	 0.395 	 
1645.300 	 0.413 	 
1645.300 	 0.398 	 
1645.300 	 0.412 	 
1645.300 	 0.403 	 
1645.300 	 0.407 	 
1645.300 	 0.404 	 
1645.300 	 0.407 	 
1645.300 	 0.405 	 
1645.300 	 0.405 	 
1645.300 	 0.390 	 
1645.300 	 0.415 	 
1645.300 	 0.394 	 
1645.300 	 0.414 	 
1645.300 	 0.402 	 
1645.300 	 0.408 	 
1645.300 	 0.403 	 
1645.300 	 0.407 	 
1645.300 	 0.405 	 
1645.300 	 0.406 	 
1645.300 	 0.386 	 
1645.300 	 0.417 	 
1645.300 	 0.391 	 
1645.300 	 0.415 	 
1645.300 	 0.402 	 
1645.300 	 0.408 	 
1645.300 	 0.403 	 
1645.300 	 0.407 	 
1645.300 	 0.405 	 
1645.300 	 0.406 	 
1645.300 	 0.381 	 
1645.300 	 0.418 	 
1645.300 	 0.387 	 
1645.300 	 0.417 	 
1645.300 	 0.400 	 
1645.300 	 0.409 	 
1645.300 	 0.403 	 
1645.300 	 0.408 	 
1645.300 	 0.406 	 
301883	249.3125 	 0.469 	 
249.3125 	 0.469 	 
249.3125 	 0.469 	 
249.3125 	 0.469 	 
249.3125 	 0.469 	 
249.3125 	 0.469 	 
249.3125 	 0.469 	 
249.3125 	 0.469 	 
249.3125 	 0.469 	 
249.3125 	 0.469 	 
249.3125 	 0.469 	 
249.3125 	 0.469 	 
249.3125 	 0.469 	 
249.3125 	 0.469 	 
249.3125 	 0.468 	 
249.3125 	 0.469 	 
249.3125 	 0.469 	 
249.3125 	 0.469 	 
249.3125 	 0.469 	 
249.3125 	 0.469 	 
249.3125 	 0.469 	 
249.3125 	 0.469 	 
249.3125 	 0.469 	 
249.3125 	 0.469 	 
249.3125 	 0.469 	 
249.3125 	 0.469 	 
249.3125 	 0.469 	 
249.3125 	 0.469 	 
249.3125 	 0.469 	 
249.3125 	 0.469 	 
249.3125 	 0.469 	 
249.3125 	 0.469 	 
249.3125 	 0.469 	 
249.3125 	 0.469 	 
249.3125 	 0.469 	 
249.3125 	 0.469 	 
249.3125 	 0.469 	 
249.3125 	 0.469 	 
249.3125 	 0.469 	 
249.3125 	 0.469 	 
249.3125 	 0.469 	 
249.3125 	 0.469 	 
249.3125 	 0.469 	 
249.3125 	 0.469 	 
249.3125 	 0.468 	 
249.3125 	 0.469 	 
249.3125 	 0.469 	 
249.3125 	 0.469 	 
249.3125 	 0.469 	 
249.3125 	 0.469 	 
249.3125 	 0.469 	 
249.3125 	 0.469 	 
249.3125 	 0.469 	 
249.3125 	 0.469 	 
249.3125 	 0.468 	 
249.3125 	 0.469 	 
249.3125 	 0.469 	 
249.3125 	 0.469 	 
249.3125 	 0.469 	 
249.3125 	 0.469 	 
249.3125 	 0.469 	 
249.3125 	 0.468 	 
301884	1000.724 	 0.467 	 
1000.724 	 0.467 	 
1000.724 	 0.467 	 
1000.724 	 0.467 	 
1000.724 	 0.467 	 
1000.724 	 0.467 	 
1000.724 	 0.467 	 
1000.724 	 0.467 	 
1000.724 	 0.467 	 
1000.724 	 0.467 	 
1000.724 	 0.467 	 
1000.724 	 0.467 	 
1000.724 	 0.467 	 
1000.724 	 0.467 	 
1000.724 	 0.467 	 
1000.724 	 0.467 	 
1000.724 	 0.467 	 
1000.724 	 0.467 	 
1000.724 	 0.467 	 
1000.724 	 0.467 	 
1000.724 	 0.467 	 
1000.724 	 0.467 	 
1000.724 	 0.467 	 
1000.724 	 0.467 	 
1000.724 	 0.467 	 
1000.724 	 0.466 	 
1000.724 	 0.467 	 
1000.724 	 0.467 	 
1000.724 	 0.467 	 
1000.724 	 0.467 	 
1000.724 	 0.467 	 
1000.724 	 0.467 	 
1000.724 	 0.467 	 
1000.724 	 0.467 	 
1000.724 	 0.466 	 
1000.724 	 0.466 	 
1000.724 	 0.467 	 
1000.724 	 0.467 	 
1000.724 	 0.467 	 
1000.724 	 0.467 	 
1000.724 	 0.467 	 
1000.724 	 0.467 	 
1000.724 	 0.467 	 
1000.724 	 0.466 	 
1000.724 	 0.466 	 
1000.724 	 0.466 	 
1000.724 	 0.467 	 
1000.724 	 0.467 	 
1000.724 	 0.467 	 
1000.724 	 0.467 	 
1000.724 	 0.467 	 
1000.724 	 0.467 	 
1000.724 	 0.467 	 
1000.724 	 0.466 	 
1000.724 	 0.466 	 
1000.724 	 0.466 	 
1000.724 	 0.467 	 
1000.724 	 0.467 	 
1000.724 	 0.467 	 
1000.724 	 0.467 	 
1000.724 	 0.466 	 
1000.724 	 0.467 	 
301885	2335.375 	 0.466 	 
2335.375 	 0.466 	 
2335.375 	 0.466 	 
2335.375 	 0.466 	 
2335.375 	 0.466 	 
2335.375 	 0.466 	 
2335.375 	 0.466 	 
2335.375 	 0.466 	 
2335.375 	 0.466 	 
2335.375 	 0.466 	 
2335.375 	 0.466 	 
2335.375 	 0.466 	 
2335.375 	 0.466 	 
2335.375 	 0.466 	 
2335.375 	 0.466 	 
2335.375 	 0.466 	 
2335.375 	 0.466 	 
2335.375 	 0.466 	 
2335.375 	 0.466 	 
2335.375 	 0.466 	 
2335.375 	 0.466 	 
2335.375 	 0.466 	 
2335.375 	 0.466 	 
2335.375 	 0.466 	 
2335.375 	 0.466 	 
2335.375 	 0.466 	 
2335.375 	 0.466 	 
2335.375 	 0.466 	 
2335.375 	 0.466 	 
2335.375 	 0.466 	 
2335.375 	 0.466 	 
2335.375 	 0.466 	 
2335.375 	 0.466 	 
2335.375 	 0.466 	 
2335.375 	 0.466 	 
2335.375 	 0.466 	 
2335.375 	 0.466 	 
2335.375 	 0.466 	 
2335.375 	 0.466 	 
2335.375 	 0.466 	 
2335.375 	 0.466 	 
2335.375 	 0.466 	 
2335.375 	 0.466 	 
2335.375 	 0.466 	 
2335.375 	 0.466 	 
2335.375 	 0.466 	 
2335.375 	 0.466 	 
2335.375 	 0.466 	 
2335.375 	 0.466 	 
2335.375 	 0.466 	 
2335.375 	 0.466 	 
2335.375 	 0.466 	 
2335.375 	 0.466 	 
2335.375 	 0.466 	 
2335.375 	 0.466 	 
2335.375 	 0.466 	 
2335.375 	 0.466 	 
2335.375 	 0.466 	 
2335.375 	 0.466 	 
2335.375 	 0.466 	 
2335.375 	 0.466 	 
2335.375 	 0.466 	 
301886	4521.875 	 0.436 	 
4521.875 	 0.436 	 
4521.875 	 0.437 	 
4521.875 	 0.436 	 
4521.875 	 0.436 	 
4521.875 	 0.436 	 
4521.875 	 0.436 	 
4521.875 	 0.436 	 
4521.875 	 0.436 	 
4521.875 	 0.437 	 
4521.875 	 0.436 	 
4521.875 	 0.436 	 
4521.875 	 0.437 	 
4521.875 	 0.436 	 
4521.875 	 0.436 	 
4521.875 	 0.436 	 
4521.875 	 0.436 	 
4521.875 	 0.436 	 
4521.875 	 0.436 	 
4521.875 	 0.436 	 
4521.875 	 0.436 	 
4521.875 	 0.436 	 
4521.875 	 0.436 	 
4521.875 	 0.436 	 
4521.875 	 0.436 	 
4521.875 	 0.436 	 
4521.875 	 0.436 	 
4521.875 	 0.436 	 
4521.875 	 0.436 	 
4521.875 	 0.436 	 
4521.875 	 0.436 	 
4521.875 	 0.436 	 
4521.875 	 0.436 	 
4521.875 	 0.436 	 
4521.875 	 0.436 	 
4521.875 	 0.436 	 
4521.875 	 0.437 	 
4521.875 	 0.436 	 
4521.875 	 0.437 	 
4521.875 	 0.436 	 
4521.875 	 0.436 	 
4521.875 	 0.436 	 
4521.875 	 0.436 	 
4521.875 	 0.436 	 
4521.875 	 0.436 	 
4521.875 	 0.436 	 
4521.875 	 0.437 	 
4521.875 	 0.436 	 
4521.875 	 0.436 	 
4521.875 	 0.436 	 
4521.875 	 0.436 	 
4521.875 	 0.436 	 
4521.875 	 0.436 	 
4521.875 	 0.436 	 
4521.875 	 0.436 	 
4521.875 	 0.436 	 
4521.875 	 0.437 	 
4521.875 	 0.436 	 
4521.875 	 0.436 	 
4521.875 	 0.436 	 
4521.875 	 0.436 	 
4521.875 	 0.436 	 
304966	146875.0 	 0.006 	 
146875.0 	 0.006 	 
146875.0 	 0.006 	 
146875.0 	 0.006 	 
146875.0 	 0.006 	 
146875.0 	 0.006 	 
146875.0 	 0.006 	 
146875.0 	 0.006 	 
146875.0 	 0.006 	 
146875.0 	 0.006 	 
146875.0 	 0.006 	 
146875.0 	 0.006 	 
146875.0 	 0.006 	 
146875.0 	 0.006 	 
146875.0 	 0.006 	 
146875.0 	 0.006 	 
146875.0 	 0.006 	 
146875.0 	 0.006 	 
146875.0 	 0.006 	 
146875.0 	 0.006 	 
146875.0 	 0.006 	 
146875.0 	 0.006 	 
146875.0 	 0.006 	 
146875.0 	 0.007 	 
146875.0 	 0.006 	 
146875.0 	 0.006 	 
146875.0 	 0.006 	 
146875.0 	 0.006 	 
146875.0 	 0.006 	 
146875.0 	 0.006 	 
146875.0 	 0.006 	 
146875.0 	 0.006 	 
146875.0 	 0.006 	 
146875.0 	 0.007 	 
146875.0 	 0.005 	 
146875.0 	 0.006 	 
146875.0 	 0.006 	 
146875.0 	 0.006 	 
146875.0 	 0.006 	 
146875.0 	 0.006 	 
146875.0 	 0.006 	 
146875.0 	 0.006 	 
146875.0 	 0.006 	 
146875.0 	 0.007 	 
146875.0 	 0.005 	 
146875.0 	 0.006 	 
146875.0 	 0.006 	 
146875.0 	 0.006 	 
146875.0 	 0.006 	 
146875.0 	 0.007 	 
146875.0 	 0.006 	 
146875.0 	 0.006 	 
146875.0 	 0.006 	 
146875.0 	 0.007 	 
146875.0 	 0.005 	 
146875.0 	 0.006 	 
146875.0 	 0.006 	 
146875.0 	 0.006 	 
146875.0 	 0.006 	 
146875.0 	 0.007 	 
146875.0 	 0.006 	 
146875.0 	 0.006 	 
304967	330600.0 	 0.005 	 
330600.0 	 0.005 	 
330600.0 	 0.005 	 
330600.0 	 0.005 	 
330600.0 	 0.005 	 
330600.0 	 0.005 	 
330600.0 	 0.005 	 
330600.0 	 0.005 	 
330600.0 	 0.005 	 
330600.0 	 0.005 	 
330600.0 	 0.005 	 
330600.0 	 0.005 	 
330600.0 	 0.005 	 
330600.0 	 0.005 	 
330600.0 	 0.005 	 
330600.0 	 0.005 	 
330600.0 	 0.005 	 
330600.0 	 0.005 	 
330600.0 	 0.005 	 
330600.0 	 0.005 	 
330600.0 	 0.005 	 
330600.0 	 0.005 	 
330600.0 	 0.005 	 
330600.0 	 0.005 	 
330600.0 	 0.005 	 
330600.0 	 0.005 	 
330600.0 	 0.005 	 
330600.0 	 0.005 	 
330600.0 	 0.005 	 
330600.0 	 0.005 	 
330600.0 	 0.005 	 
330600.0 	 0.005 	 
330600.0 	 0.005 	 
330600.0 	 0.005 	 
330600.0 	 0.005 	 
330600.0 	 0.005 	 
330600.0 	 0.005 	 
330600.0 	 0.005 	 
330600.0 	 0.005 	 
330600.0 	 0.005 	 
330600.0 	 0.005 	 
330600.0 	 0.005 	 
330600.0 	 0.005 	 
330600.0 	 0.005 	 
330600.0 	 0.005 	 
330600.0 	 0.005 	 
330600.0 	 0.005 	 
330600.0 	 0.005 	 
330600.0 	 0.005 	 
330600.0 	 0.005 	 
330600.0 	 0.005 	 
330600.0 	 0.005 	 
330600.0 	 0.005 	 
330600.0 	 0.005 	 
330600.0 	 0.004 	 
330600.0 	 0.005 	 
330600.0 	 0.005 	 
330600.0 	 0.005 	 
330600.0 	 0.005 	 
330600.0 	 0.005 	 
330600.0 	 0.005 	 
330600.0 	 0.005 	 
304968	58978.75 	 0.010 	 
58978.75 	 0.010 	 
58978.75 	 0.010 	 
58978.75 	 0.010 	 
58978.75 	 0.009 	 
58978.75 	 0.010 	 
58978.75 	 0.009 	 
58978.75 	 0.010 	 
58978.75 	 0.010 	 
58978.75 	 0.010 	 
58978.75 	 0.009 	 
58978.75 	 0.010 	 
58978.75 	 0.010 	 
58978.75 	 0.010 	 
58978.75 	 0.009 	 
58978.75 	 0.010 	 
58978.75 	 0.009 	 
58978.75 	 0.010 	 
58978.75 	 0.009 	 
58978.75 	 0.010 	 
58978.75 	 0.009 	 
58978.75 	 0.010 	 
58978.75 	 0.010 	 
58978.75 	 0.011 	 
58978.75 	 0.009 	 
58978.75 	 0.010 	 
58978.75 	 0.009 	 
58978.75 	 0.010 	 
58978.75 	 0.009 	 
58978.75 	 0.010 	 
58978.75 	 0.009 	 
58978.75 	 0.01 	 
58978.75 	 0.010 	 
58978.75 	 0.011 	 
58978.75 	 0.009 	 
58978.75 	 0.010 	 
58978.75 	 0.009 	 
58978.75 	 0.010 	 
58978.75 	 0.009 	 
58978.75 	 0.011 	 
58978.75 	 0.009 	 
58978.75 	 0.01 	 
58978.75 	 0.010 	 
58978.75 	 0.011 	 
58978.75 	 0.009 	 
58978.75 	 0.010 	 
58978.75 	 0.009 	 
58978.75 	 0.010 	 
58978.75 	 0.009 	 
58978.75 	 0.011 	 
58978.75 	 0.009 	 
58978.75 	 0.009 	 
58978.75 	 0.010 	 
58978.75 	 0.011 	 
58978.75 	 0.009 	 
58978.75 	 0.011 	 
58978.75 	 0.009 	 
58978.75 	 0.010 	 
58978.75 	 0.009 	 
58978.75 	 0.011 	 
58978.75 	 0.009 	 
58978.75 	 0.010 	 
304969	132750.0 	 0.011 	 
132750.0 	 0.011 	 
132750.0 	 0.012 	 
132750.0 	 0.012 	 
132750.0 	 0.011 	 
132750.0 	 0.012 	 
132750.0 	 0.011 	 
132750.0 	 0.012 	 
132750.0 	 0.011 	 
132750.0 	 0.012 	 
132750.0 	 0.011 	 
132750.0 	 0.011 	 
132750.0 	 0.012 	 
132750.0 	 0.012 	 
132750.0 	 0.011 	 
132750.0 	 0.012 	 
132750.0 	 0.011 	 
132750.0 	 0.012 	 
132750.0 	 0.011 	 
132750.0 	 0.012 	 
132750.0 	 0.011 	 
132750.0 	 0.011 	 
132750.0 	 0.012 	 
132750.0 	 0.012 	 
132750.0 	 0.011 	 
132750.0 	 0.012 	 
132750.0 	 0.011 	 
132750.0 	 0.012 	 
132750.0 	 0.011 	 
132750.0 	 0.012 	 
132750.0 	 0.011 	 
132750.0 	 0.012 	 
132750.0 	 0.012 	 
132750.0 	 0.012 	 
132750.0 	 0.011 	 
132750.0 	 0.012 	 
132750.0 	 0.011 	 
132750.0 	 0.012 	 
132750.0 	 0.011 	 
132750.0 	 0.012 	 
132750.0 	 0.013 	 
132750.0 	 0.012 	 
132750.0 	 0.011 	 
132750.0 	 0.012 	 
132750.0 	 0.011 	 
132750.0 	 0.012 	 
132750.0 	 0.011 	 
132750.0 	 0.012 	 
132750.0 	 0.013 	 
132750.0 	 0.012 	 
132750.0 	 0.011 	 
132750.0 	 0.012 	 
132750.0 	 0.011 	 
132750.0 	 0.013 	 
132750.0 	 0.011 	 
132750.0 	 0.011 	 
132750.0 	 0.010 	 
132750.0 	 0.011 	 
132750.0 	 0.010 	 
132750.0 	 0.010 	 
132750.0 	 0.010 	 
132750.0 	 0.010 	 
304970	236287.5 	 0.011 	 
236287.5 	 0.011 	 
236287.5 	 0.011 	 
236287.5 	 0.011 	 
236287.5 	 0.011 	 
236287.5 	 0.011 	 
236287.5 	 0.011 	 
236287.5 	 0.011 	 
236287.5 	 0.011 	 
236287.5 	 0.011 	 
236287.5 	 0.011 	 
236287.5 	 0.011 	 
236287.5 	 0.011 	 
236287.5 	 0.011 	 
236287.5 	 0.010 	 
236287.5 	 0.011 	 
236287.5 	 0.011 	 
236287.5 	 0.011 	 
236287.5 	 0.011 	 
236287.5 	 0.011 	 
236287.5 	 0.011 	 
236287.5 	 0.011 	 
236287.5 	 0.011 	 
236287.5 	 0.011 	 
236287.5 	 0.011 	 
236287.5 	 0.010 	 
236287.5 	 0.011 	 
236287.5 	 0.011 	 
236287.5 	 0.011 	 
236287.5 	 0.010 	 
236287.5 	 0.011 	 
236287.5 	 0.011 	 
236287.5 	 0.012 	 
236287.5 	 0.011 	 
236287.5 	 0.010 	 
236287.5 	 0.011 	 
236287.5 	 0.011 	 
236287.5 	 0.011 	 
236287.5 	 0.011 	 
236287.5 	 0.011 	 
236287.5 	 0.012 	 
236287.5 	 0.011 	 
236287.5 	 0.010 	 
236287.5 	 0.011 	 
236287.5 	 0.011 	 
236287.5 	 0.012 	 
236287.5 	 0.011 	 
236287.5 	 0.011 	 
236287.5 	 0.013 	 
236287.5 	 0.011 	 
236287.5 	 0.010 	 
236287.5 	 0.011 	 
236287.5 	 0.011 	 
236287.5 	 0.012 	 
236287.5 	 0.011 	 
236287.5 	 0.010 	 
236287.5 	 0.010 	 
236287.5 	 0.010 	 
236287.5 	 0.010 	 
236287.5 	 0.010 	 
236287.5 	 0.010 	 
236287.5 	 0.010 	 
304971	535662.5 	 0.014 	 
535662.5 	 0.014 	 
535662.5 	 0.014 	 
535662.5 	 0.015 	 
535662.5 	 0.013 	 
535662.5 	 0.014 	 
535662.5 	 0.014 	 
535662.5 	 0.014 	 
535662.5 	 0.014 	 
535662.5 	 0.014 	 
535662.5 	 0.013 	 
535662.5 	 0.014 	 
535662.5 	 0.014 	 
535662.5 	 0.015 	 
535662.5 	 0.013 	 
535662.5 	 0.014 	 
535662.5 	 0.014 	 
535662.5 	 0.014 	 
535662.5 	 0.014 	 
535662.5 	 0.015 	 
535662.5 	 0.013 	 
535662.5 	 0.014 	 
535662.5 	 0.014 	 
535662.5 	 0.016 	 
535662.5 	 0.013 	 
535662.5 	 0.015 	 
535662.5 	 0.013 	 
535662.5 	 0.014 	 
535662.5 	 0.013 	 
535662.5 	 0.015 	 
535662.5 	 0.013 	 
535662.5 	 0.014 	 
535662.5 	 0.014 	 
535662.5 	 0.016 	 
535662.5 	 0.012 	 
535662.5 	 0.015 	 
535662.5 	 0.013 	 
535662.5 	 0.014 	 
535662.5 	 0.013 	 
535662.5 	 0.016 	 
535662.5 	 0.012 	 
535662.5 	 0.013 	 
535662.5 	 0.014 	 
535662.5 	 0.017 	 
535662.5 	 0.012 	 
535662.5 	 0.015 	 
535662.5 	 0.013 	 
535662.5 	 0.015 	 
535662.5 	 0.013 	 
535662.5 	 0.016 	 
535662.5 	 0.012 	 
535662.5 	 0.013 	 
535662.5 	 0.015 	 
535662.5 	 0.018 	 
535662.5 	 0.011 	 
535662.5 	 0.015 	 
535662.5 	 0.013 	 
535662.5 	 0.015 	 
535662.5 	 0.013 	 
535662.5 	 0.016 	 
535662.5 	 0.012 	 
535662.5 	 0.014 	 
304972	27878.75 	 0.160 	 
27878.75 	 0.158 	 
27878.75 	 0.161 	 
27878.75 	 0.169 	 
27878.75 	 0.148 	 
27878.75 	 0.164 	 
27878.75 	 0.155 	 
27878.75 	 0.162 	 
27878.75 	 0.157 	 
27878.75 	 0.167 	 
27878.75 	 0.150 	 
27878.75 	 0.156 	 
27878.75 	 0.163 	 
27878.75 	 0.179 	 
27878.75 	 0.138 	 
27878.75 	 0.168 	 
27878.75 	 0.150 	 
27878.75 	 0.165 	 
27878.75 	 0.153 	 
27878.75 	 0.174 	 
27878.75 	 0.142 	 
27878.75 	 0.154 	 
27878.75 	 0.164 	 
27878.75 	 0.189 	 
27878.75 	 0.126 	 
27878.75 	 0.172 	 
27878.75 	 0.146 	 
27878.75 	 0.167 	 
27878.75 	 0.150 	 
27878.75 	 0.182 	 
27878.75 	 0.133 	 
27878.75 	 0.152 	 
27878.75 	 0.165 	 
27878.75 	 0.197 	 
27878.75 	 0.114 	 
27878.75 	 0.175 	 
27878.75 	 0.141 	 
27878.75 	 0.169 	 
27878.75 	 0.147 	 
27878.75 	 0.189 	 
27878.75 	 0.124 	 
27878.75 	 0.150 	 
27878.75 	 0.167 	 
27878.75 	 0.206 	 
27878.75 	 0.102 	 
27878.75 	 0.179 	 
27878.75 	 0.137 	 
27878.75 	 0.172 	 
27878.75 	 0.145 	 
27878.75 	 0.197 	 
27878.75 	 0.116 	 
27878.75 	 0.148 	 
27878.75 	 0.168 	 
27878.75 	 0.216 	 
27878.75 	 0.092 	 
27878.75 	 0.183 	 
27878.75 	 0.131 	 
27878.75 	 0.175 	 
27878.75 	 0.142 	 
27878.75 	 0.205 	 
27878.75 	 0.107 	 
27878.75 	 0.156 	 
304973	62778.75 	 0.154 	 
62778.75 	 0.153 	 
62778.75 	 0.156 	 
62778.75 	 0.164 	 
62778.75 	 0.144 	 
62778.75 	 0.158 	 
62778.75 	 0.150 	 
62778.75 	 0.156 	 
62778.75 	 0.152 	 
62778.75 	 0.162 	 
62778.75 	 0.146 	 
62778.75 	 0.151 	 
62778.75 	 0.157 	 
62778.75 	 0.176 	 
62778.75 	 0.133 	 
62778.75 	 0.163 	 
62778.75 	 0.145 	 
62778.75 	 0.159 	 
62778.75 	 0.149 	 
62778.75 	 0.170 	 
62778.75 	 0.138 	 
62778.75 	 0.149 	 
62778.75 	 0.158 	 
62778.75 	 0.186 	 
62778.75 	 0.123 	 
62778.75 	 0.166 	 
62778.75 	 0.140 	 
62778.75 	 0.161 	 
62778.75 	 0.146 	 
62778.75 	 0.179 	 
62778.75 	 0.130 	 
62778.75 	 0.147 	 
62778.75 	 0.160 	 
62778.75 	 0.195 	 
62778.75 	 0.112 	 
62778.75 	 0.171 	 
62778.75 	 0.137 	 
62778.75 	 0.165 	 
62778.75 	 0.143 	 
62778.75 	 0.186 	 
62778.75 	 0.122 	 
62778.75 	 0.146 	 
62778.75 	 0.161 	 
62778.75 	 0.204 	 
62778.75 	 0.102 	 
62778.75 	 0.176 	 
62778.75 	 0.132 	 
62778.75 	 0.168 	 
62778.75 	 0.140 	 
62778.75 	 0.193 	 
62778.75 	 0.115 	 
62778.75 	 0.144 	 
62778.75 	 0.163 	 
62778.75 	 0.212 	 
62778.75 	 0.090 	 
62778.75 	 0.180 	 
62778.75 	 0.127 	 
62778.75 	 0.171 	 
62778.75 	 0.137 	 
62778.75 	 0.201 	 
62778.75 	 0.107 	 
62778.75 	 0.154 	 
304974	111741.2 	 0.158 	 
111741.2 	 0.157 	 
111741.2 	 0.160 	 
111741.2 	 0.169 	 
111741.2 	 0.148 	 
111741.2 	 0.163 	 
111741.2 	 0.154 	 
111741.2 	 0.161 	 
111741.2 	 0.156 	 
111741.2 	 0.166 	 
111741.2 	 0.150 	 
111741.2 	 0.156 	 
111741.2 	 0.161 	 
111741.2 	 0.179 	 
111741.2 	 0.136 	 
111741.2 	 0.167 	 
111741.2 	 0.150 	 
111741.2 	 0.164 	 
111741.2 	 0.153 	 
111741.2 	 0.175 	 
111741.2 	 0.142 	 
111741.2 	 0.154 	 
111741.2 	 0.163 	 
111741.2 	 0.189 	 
111741.2 	 0.126 	 
111741.2 	 0.172 	 
111741.2 	 0.145 	 
111741.2 	 0.167 	 
111741.2 	 0.150 	 
111741.2 	 0.183 	 
111741.2 	 0.134 	 
111741.2 	 0.152 	 
111741.2 	 0.164 	 
111741.2 	 0.198 	 
111741.2 	 0.115 	 
111741.2 	 0.176 	 
111741.2 	 0.141 	 
111741.2 	 0.17 	 
111741.2 	 0.147 	 
111741.2 	 0.190 	 
111741.2 	 0.125 	 
111741.2 	 0.151 	 
111741.2 	 0.166 	 
111741.2 	 0.206 	 
111741.2 	 0.107 	 
111741.2 	 0.180 	 
111741.2 	 0.136 	 
111741.2 	 0.172 	 
111741.2 	 0.145 	 
111741.2 	 0.197 	 
111741.2 	 0.118 	 
111741.2 	 0.149 	 
111741.2 	 0.167 	 
111741.2 	 0.216 	 
111741.2 	 0.096 	 
111741.2 	 0.184 	 
111741.2 	 0.131 	 
111741.2 	 0.174 	 
111741.2 	 0.142 	 
111741.2 	 0.204 	 
111741.2 	 0.111 	 
111741.2 	 0.158 	 
304975	253687.5 	 0.148 	 
253687.5 	 0.146 	 
253687.5 	 0.149 	 
253687.5 	 0.154 	 
253687.5 	 0.140 	 
253687.5 	 0.150 	 
253687.5 	 0.144 	 
253687.5 	 0.149 	 
253687.5 	 0.145 	 
253687.5 	 0.152 	 
253687.5 	 0.141 	 
253687.5 	 0.145 	 
253687.5 	 0.149 	 
253687.5 	 0.162 	 
253687.5 	 0.131 	 
253687.5 	 0.153 	 
253687.5 	 0.141 	 
253687.5 	 0.151 	 
253687.5 	 0.143 	 
253687.5 	 0.158 	 
253687.5 	 0.135 	 
253687.5 	 0.143 	 
253687.5 	 0.150 	 
253687.5 	 0.172 	 
253687.5 	 0.122 	 
253687.5 	 0.156 	 
253687.5 	 0.137 	 
253687.5 	 0.153 	 
253687.5 	 0.141 	 
253687.5 	 0.165 	 
253687.5 	 0.128 	 
253687.5 	 0.142 	 
253687.5 	 0.151 	 
253687.5 	 0.180 	 
253687.5 	 0.114 	 
253687.5 	 0.160 	 
253687.5 	 0.134 	 
253687.5 	 0.155 	 
253687.5 	 0.139 	 
253687.5 	 0.172 	 
253687.5 	 0.121 	 
253687.5 	 0.141 	 
253687.5 	 0.152 	 
253687.5 	 0.188 	 
253687.5 	 0.104 	 
253687.5 	 0.163 	 
253687.5 	 0.130 	 
253687.5 	 0.157 	 
253687.5 	 0.137 	 
253687.5 	 0.179 	 
253687.5 	 0.115 	 
253687.5 	 0.139 	 
253687.5 	 0.153 	 
253687.5 	 0.195 	 
253687.5 	 0.096 	 
253687.5 	 0.167 	 
253687.5 	 0.127 	 
253687.5 	 0.159 	 
253687.5 	 0.135 	 
253687.5 	 0.185 	 
253687.5 	 0.109 	 
253687.5 	 0.146 	 
304976	14797.5 	 0.335 	 
14797.5 	 0.334 	 
14797.5 	 0.335 	 
14797.5 	 0.338 	 
14797.5 	 0.332 	 
14797.5 	 0.336 	 
14797.5 	 0.334 	 
14797.5 	 0.336 	 
14797.5 	 0.334 	 
14797.5 	 0.338 	 
14797.5 	 0.333 	 
14797.5 	 0.334 	 
14797.5 	 0.335 	 
14797.5 	 0.342 	 
14797.5 	 0.328 	 
14797.5 	 0.337 	 
14797.5 	 0.332 	 
14797.5 	 0.336 	 
14797.5 	 0.334 	 
14797.5 	 0.340 	 
14797.5 	 0.330 	 
14797.5 	 0.334 	 
14797.5 	 0.336 	 
14797.5 	 0.345 	 
14797.5 	 0.325 	 
14797.5 	 0.339 	 
14797.5 	 0.331 	 
14797.5 	 0.337 	 
14797.5 	 0.333 	 
14797.5 	 0.343 	 
14797.5 	 0.327 	 
14797.5 	 0.334 	 
14797.5 	 0.337 	 
14797.5 	 0.348 	 
14797.5 	 0.322 	 
14797.5 	 0.341 	 
14797.5 	 0.330 	 
14797.5 	 0.338 	 
14797.5 	 0.332 	 
14797.5 	 0.345 	 
14797.5 	 0.325 	 
14797.5 	 0.333 	 
14797.5 	 0.337 	 
14797.5 	 0.352 	 
14797.5 	 0.318 	 
14797.5 	 0.342 	 
14797.5 	 0.328 	 
14797.5 	 0.339 	 
14797.5 	 0.331 	 
14797.5 	 0.347 	 
14797.5 	 0.323 	 
14797.5 	 0.333 	 
14797.5 	 0.337 	 
14797.5 	 0.354 	 
14797.5 	 0.314 	 
14797.5 	 0.344 	 
14797.5 	 0.326 	 
14797.5 	 0.340 	 
14797.5 	 0.330 	 
14797.5 	 0.350 	 
14797.5 	 0.320 	 
14797.5 	 0.336 	 
304977	33306.25 	 0.337 	 
33306.25 	 0.337 	 
33306.25 	 0.338 	 
33306.25 	 0.341 	 
33306.25 	 0.334 	 
33306.25 	 0.339 	 
33306.25 	 0.336 	 
33306.25 	 0.338 	 
33306.25 	 0.336 	 
33306.25 	 0.340 	 
33306.25 	 0.335 	 
33306.25 	 0.336 	 
33306.25 	 0.338 	 
33306.25 	 0.344 	 
33306.25 	 0.331 	 
33306.25 	 0.340 	 
33306.25 	 0.335 	 
33306.25 	 0.339 	 
33306.25 	 0.336 	 
33306.25 	 0.343 	 
33306.25 	 0.332 	 
33306.25 	 0.336 	 
33306.25 	 0.338 	 
33306.25 	 0.347 	 
33306.25 	 0.327 	 
33306.25 	 0.342 	 
33306.25 	 0.333 	 
33306.25 	 0.340 	 
33306.25 	 0.335 	 
33306.25 	 0.345 	 
33306.25 	 0.329 	 
33306.25 	 0.336 	 
33306.25 	 0.339 	 
33306.25 	 0.350 	 
33306.25 	 0.323 	 
33306.25 	 0.343 	 
33306.25 	 0.332 	 
33306.25 	 0.341 	 
33306.25 	 0.334 	 
33306.25 	 0.347 	 
33306.25 	 0.327 	 
33306.25 	 0.335 	 
33306.25 	 0.339 	 
33306.25 	 0.354 	 
33306.25 	 0.320 	 
33306.25 	 0.344 	 
33306.25 	 0.331 	 
33306.25 	 0.341 	 
33306.25 	 0.333 	 
33306.25 	 0.350 	 
33306.25 	 0.324 	 
33306.25 	 0.335 	 
33306.25 	 0.340 	 
33306.25 	 0.356 	 
33306.25 	 0.316 	 
33306.25 	 0.346 	 
33306.25 	 0.329 	 
33306.25 	 0.342 	 
33306.25 	 0.332 	 
33306.25 	 0.352 	 
33306.25 	 0.321 	 
33306.25 	 0.337 	 
304978	59316.25 	 0.331 	 
59316.25 	 0.330 	 
59316.25 	 0.331 	 
59316.25 	 0.334 	 
59316.25 	 0.327 	 
59316.25 	 0.332 	 
59316.25 	 0.329 	 
59316.25 	 0.332 	 
59316.25 	 0.330 	 
59316.25 	 0.333 	 
59316.25 	 0.328 	 
59316.25 	 0.330 	 
59316.25 	 0.332 	 
59316.25 	 0.338 	 
59316.25 	 0.324 	 
59316.25 	 0.333 	 
59316.25 	 0.328 	 
59316.25 	 0.333 	 
59316.25 	 0.329 	 
59316.25 	 0.336 	 
59316.25 	 0.325 	 
59316.25 	 0.329 	 
59316.25 	 0.332 	 
59316.25 	 0.341 	 
59316.25 	 0.319 	 
59316.25 	 0.335 	 
59316.25 	 0.326 	 
59316.25 	 0.334 	 
59316.25 	 0.328 	 
59316.25 	 0.339 	 
59316.25 	 0.322 	 
59316.25 	 0.329 	 
59316.25 	 0.333 	 
59316.25 	 0.344 	 
59316.25 	 0.316 	 
59316.25 	 0.336 	 
59316.25 	 0.325 	 
59316.25 	 0.334 	 
59316.25 	 0.327 	 
59316.25 	 0.341 	 
59316.25 	 0.320 	 
59316.25 	 0.328 	 
59316.25 	 0.333 	 
59316.25 	 0.347 	 
59316.25 	 0.312 	 
59316.25 	 0.338 	 
59316.25 	 0.323 	 
59316.25 	 0.335 	 
59316.25 	 0.326 	 
59316.25 	 0.344 	 
59316.25 	 0.317 	 
59316.25 	 0.328 	 
59316.25 	 0.334 	 
59316.25 	 0.350 	 
59316.25 	 0.308 	 
59316.25 	 0.339 	 
59316.25 	 0.322 	 
59316.25 	 0.336 	 
59316.25 	 0.325 	 
59316.25 	 0.346 	 
59316.25 	 0.314 	 
59316.25 	 0.330 	 
304979	134912.5 	 0.320 	 
134912.5 	 0.320 	 
134912.5 	 0.321 	 
134912.5 	 0.324 	 
134912.5 	 0.317 	 
134912.5 	 0.322 	 
134912.5 	 0.319 	 
134912.5 	 0.321 	 
134912.5 	 0.319 	 
134912.5 	 0.323 	 
134912.5 	 0.318 	 
134912.5 	 0.319 	 
134912.5 	 0.321 	 
134912.5 	 0.327 	 
134912.5 	 0.313 	 
134912.5 	 0.323 	 
134912.5 	 0.317 	 
134912.5 	 0.322 	 
134912.5 	 0.319 	 
134912.5 	 0.325 	 
134912.5 	 0.315 	 
134912.5 	 0.319 	 
134912.5 	 0.321 	 
134912.5 	 0.330 	 
134912.5 	 0.310 	 
134912.5 	 0.324 	 
134912.5 	 0.316 	 
134912.5 	 0.323 	 
134912.5 	 0.318 	 
134912.5 	 0.328 	 
134912.5 	 0.313 	 
134912.5 	 0.319 	 
134912.5 	 0.322 	 
134912.5 	 0.334 	 
134912.5 	 0.306 	 
134912.5 	 0.326 	 
134912.5 	 0.315 	 
134912.5 	 0.324 	 
134912.5 	 0.317 	 
134912.5 	 0.330 	 
134912.5 	 0.310 	 
134912.5 	 0.318 	 
134912.5 	 0.323 	 
134912.5 	 0.337 	 
134912.5 	 0.303 	 
134912.5 	 0.327 	 
134912.5 	 0.313 	 
134912.5 	 0.325 	 
134912.5 	 0.316 	 
134912.5 	 0.333 	 
134912.5 	 0.307 	 
134912.5 	 0.318 	 
134912.5 	 0.323 	 
134912.5 	 0.340 	 
134912.5 	 0.299 	 
134912.5 	 0.328 	 
134912.5 	 0.311 	 
134912.5 	 0.326 	 
134912.5 	 0.315 	 
134912.5 	 0.336 	 
134912.5 	 0.305 	 
134912.5 	 0.321 	 
304980	245750.0 	 0.297 	 
245750.0 	 0.296 	 
245750.0 	 0.297 	 
245750.0 	 0.301 	 
245750.0 	 0.294 	 
245750.0 	 0.298 	 
245750.0 	 0.296 	 
245750.0 	 0.298 	 
245750.0 	 0.296 	 
245750.0 	 0.300 	 
245750.0 	 0.295 	 
245750.0 	 0.296 	 
245750.0 	 0.298 	 
245750.0 	 0.305 	 
245750.0 	 0.290 	 
245750.0 	 0.300 	 
245750.0 	 0.295 	 
245750.0 	 0.299 	 
245750.0 	 0.295 	 
245750.0 	 0.302 	 
245750.0 	 0.292 	 
245750.0 	 0.296 	 
245750.0 	 0.298 	 
245750.0 	 0.308 	 
245750.0 	 0.286 	 
245750.0 	 0.301 	 
245750.0 	 0.293 	 
245750.0 	 0.300 	 
245750.0 	 0.294 	 
245750.0 	 0.305 	 
245750.0 	 0.289 	 
245750.0 	 0.295 	 
245750.0 	 0.299 	 
245750.0 	 0.311 	 
245750.0 	 0.282 	 
245750.0 	 0.303 	 
245750.0 	 0.292 	 
245750.0 	 0.301 	 
245750.0 	 0.293 	 
245750.0 	 0.308 	 
245750.0 	 0.287 	 
245750.0 	 0.295 	 
245750.0 	 0.299 	 
245750.0 	 0.315 	 
245750.0 	 0.278 	 
245750.0 	 0.304 	 
245750.0 	 0.290 	 
245750.0 	 0.301 	 
245750.0 	 0.292 	 
245750.0 	 0.311 	 
245750.0 	 0.283 	 
245750.0 	 0.294 	 
245750.0 	 0.300 	 
245750.0 	 0.319 	 
245750.0 	 0.274 	 
245750.0 	 0.306 	 
245750.0 	 0.288 	 
245750.0 	 0.302 	 
245750.0 	 0.291 	 
245750.0 	 0.313 	 
245750.0 	 0.281 	 
245750.0 	 0.298 	 
304981	8510.0 	 0.405 	 
8510.0 	 0.405 	 
8510.0 	 0.405 	 
8510.0 	 0.406 	 
8510.0 	 0.403 	 
8510.0 	 0.405 	 
8510.0 	 0.404 	 
8510.0 	 0.405 	 
8510.0 	 0.404 	 
8510.0 	 0.406 	 
8510.0 	 0.403 	 
8510.0 	 0.404 	 
8510.0 	 0.405 	 
8510.0 	 0.408 	 
8510.0 	 0.401 	 
8510.0 	 0.406 	 
8510.0 	 0.403 	 
8510.0 	 0.406 	 
8510.0 	 0.404 	 
8510.0 	 0.407 	 
8510.0 	 0.402 	 
8510.0 	 0.404 	 
8510.0 	 0.405 	 
8510.0 	 0.410 	 
8510.0 	 0.399 	 
8510.0 	 0.407 	 
8510.0 	 0.402 	 
8510.0 	 0.406 	 
8510.0 	 0.403 	 
8510.0 	 0.409 	 
8510.0 	 0.400 	 
8510.0 	 0.404 	 
8510.0 	 0.406 	 
8510.0 	 0.411 	 
8510.0 	 0.396 	 
8510.0 	 0.408 	 
8510.0 	 0.402 	 
8510.0 	 0.406 	 
8510.0 	 0.402 	 
8510.0 	 0.410 	 
8510.0 	 0.399 	 
8510.0 	 0.403 	 
8510.0 	 0.406 	 
8510.0 	 0.413 	 
8510.0 	 0.394 	 
8510.0 	 0.408 	 
8510.0 	 0.401 	 
8510.0 	 0.407 	 
8510.0 	 0.402 	 
8510.0 	 0.411 	 
8510.0 	 0.397 	 
8510.0 	 0.403 	 
8510.0 	 0.406 	 
8510.0 	 0.415 	 
8510.0 	 0.392 	 
8510.0 	 0.409 	 
8510.0 	 0.400 	 
8510.0 	 0.407 	 
8510.0 	 0.401 	 
8510.0 	 0.413 	 
8510.0 	 0.396 	 
8510.0 	 0.404 	 
304982	19162.5 	 0.406 	 
19162.5 	 0.405 	 
19162.5 	 0.406 	 
19162.5 	 0.408 	 
19162.5 	 0.404 	 
19162.5 	 0.407 	 
19162.5 	 0.405 	 
19162.5 	 0.406 	 
19162.5 	 0.405 	 
19162.5 	 0.407 	 
19162.5 	 0.404 	 
19162.5 	 0.405 	 
19162.5 	 0.406 	 
19162.5 	 0.41 	 
19162.5 	 0.402 	 
19162.5 	 0.407 	 
19162.5 	 0.404 	 
19162.5 	 0.407 	 
19162.5 	 0.404 	 
19162.5 	 0.409 	 
19162.5 	 0.403 	 
19162.5 	 0.405 	 
19162.5 	 0.407 	 
19162.5 	 0.412 	 
19162.5 	 0.400 	 
19162.5 	 0.408 	 
19162.5 	 0.403 	 
19162.5 	 0.407 	 
19162.5 	 0.404 	 
19162.5 	 0.410 	 
19162.5 	 0.401 	 
19162.5 	 0.404 	 
19162.5 	 0.407 	 
19162.5 	 0.413 	 
19162.5 	 0.397 	 
19162.5 	 0.409 	 
19162.5 	 0.403 	 
19162.5 	 0.408 	 
19162.5 	 0.403 	 
19162.5 	 0.411 	 
19162.5 	 0.400 	 
19162.5 	 0.404 	 
19162.5 	 0.407 	 
19162.5 	 0.415 	 
19162.5 	 0.395 	 
19162.5 	 0.410 	 
19162.5 	 0.402 	 
19162.5 	 0.408 	 
19162.5 	 0.403 	 
19162.5 	 0.413 	 
19162.5 	 0.398 	 
19162.5 	 0.404 	 
19162.5 	 0.407 	 
19162.5 	 0.417 	 
19162.5 	 0.393 	 
19162.5 	 0.410 	 
19162.5 	 0.401 	 
19162.5 	 0.408 	 
19162.5 	 0.402 	 
19162.5 	 0.414 	 
19162.5 	 0.396 	 
19162.5 	 0.406 	 
304983	34131.25 	 0.401 	 
34131.25 	 0.403 	 
34131.25 	 0.402 	 
34131.25 	 0.404 	 
34131.25 	 0.403 	 
34131.25 	 0.400 	 
34131.25 	 0.406 	 
34131.25 	 0.403 	 
34131.25 	 0.402 	 
34131.25 	 0.404 	 
34131.25 	 0.400 	 
34131.25 	 0.408 	 
34131.25 	 0.403 	 
34131.25 	 0.402 	 
34131.25 	 0.406 	 
34131.25 	 0.400 	 
34131.25 	 0.410 	 
34131.25 	 0.404 	 
34131.25 	 0.403 	 
34131.25 	 0.407 	 
34131.25 	 0.400 	 
34131.25 	 0.411 	 
34131.25 	 0.405 	 
34131.25 	 0.403 	 
34131.25 	 0.409 	 
34131.25 	 0.401 	 
34131.25 	 0.401 	 
34131.25 	 0.401 	 
34131.25 	 0.399 	 
34131.25 	 0.402 	 
34131.25 	 0.400 	 
34131.25 	 0.401 	 
34131.25 	 0.400 	 
34131.25 	 0.399 	 
34131.25 	 0.401 	 
34131.25 	 0.401 	 
34131.25 	 0.397 	 
34131.25 	 0.402 	 
34131.25 	 0.399 	 
34131.25 	 0.402 	 
34131.25 	 0.400 	 
34131.25 	 0.398 	 
34131.25 	 0.401 	 
34131.25 	 0.395 	 
34131.25 	 0.398 	 
34131.25 	 0.399 	 
34131.25 	 0.397 	 
34131.25 	 0.402 	 
34131.25 	 0.392 	 
34131.25 	 0.398 	 
34131.25 	 0.399 	 
34131.25 	 0.395 	 
34131.25 	 0.402 	 
34131.25 	 0.390 	 
34131.25 	 0.397 	 
34131.25 	 0.399 	 
34131.25 	 0.394 	 
34131.25 	 0.402 	 
34131.25 	 0.387 	 
34131.25 	 0.396 	 
34131.25 	 0.398 	 
34131.25 	 0.392 	 
304984	77753.75 	 0.387 	 
77753.75 	 0.386 	 
77753.75 	 0.387 	 
77753.75 	 0.389 	 
77753.75 	 0.384 	 
77753.75 	 0.388 	 
77753.75 	 0.386 	 
77753.75 	 0.387 	 
77753.75 	 0.386 	 
77753.75 	 0.388 	 
77753.75 	 0.385 	 
77753.75 	 0.386 	 
77753.75 	 0.387 	 
77753.75 	 0.391 	 
77753.75 	 0.382 	 
77753.75 	 0.388 	 
77753.75 	 0.385 	 
77753.75 	 0.388 	 
77753.75 	 0.385 	 
77753.75 	 0.389 	 
77753.75 	 0.383 	 
77753.75 	 0.386 	 
77753.75 	 0.387 	 
77753.75 	 0.392 	 
77753.75 	 0.380 	 
77753.75 	 0.389 	 
77753.75 	 0.384 	 
77753.75 	 0.389 	 
77753.75 	 0.385 	 
77753.75 	 0.391 	 
77753.75 	 0.382 	 
77753.75 	 0.386 	 
77753.75 	 0.388 	 
77753.75 	 0.395 	 
77753.75 	 0.377 	 
77753.75 	 0.390 	 
77753.75 	 0.383 	 
77753.75 	 0.389 	 
77753.75 	 0.384 	 
77753.75 	 0.393 	 
77753.75 	 0.380 	 
77753.75 	 0.385 	 
77753.75 	 0.388 	 
77753.75 	 0.396 	 
77753.75 	 0.375 	 
77753.75 	 0.391 	 
77753.75 	 0.382 	 
77753.75 	 0.389 	 
77753.75 	 0.384 	 
77753.75 	 0.394 	 
77753.75 	 0.379 	 
77753.75 	 0.385 	 
77753.75 	 0.388 	 
77753.75 	 0.398 	 
77753.75 	 0.373 	 
77753.75 	 0.391 	 
77753.75 	 0.381 	 
77753.75 	 0.390 	 
77753.75 	 0.383 	 
77753.75 	 0.396 	 
77753.75 	 0.376 	 
77753.75 	 0.386 	 
304985	142187.5 	 0.364 	 
142187.5 	 0.364 	 
142187.5 	 0.365 	 
142187.5 	 0.367 	 
142187.5 	 0.363 	 
142187.5 	 0.366 	 
142187.5 	 0.364 	 
142187.5 	 0.365 	 
142187.5 	 0.364 	 
142187.5 	 0.366 	 
142187.5 	 0.363 	 
142187.5 	 0.364 	 
142187.5 	 0.365 	 
142187.5 	 0.369 	 
142187.5 	 0.360 	 
142187.5 	 0.367 	 
142187.5 	 0.363 	 
142187.5 	 0.366 	 
142187.5 	 0.363 	 
142187.5 	 0.368 	 
142187.5 	 0.361 	 
142187.5 	 0.364 	 
142187.5 	 0.365 	 
142187.5 	 0.371 	 
142187.5 	 0.358 	 
142187.5 	 0.368 	 
142187.5 	 0.362 	 
142187.5 	 0.366 	 
142187.5 	 0.363 	 
142187.5 	 0.37 	 
142187.5 	 0.360 	 
142187.5 	 0.364 	 
142187.5 	 0.366 	 
142187.5 	 0.373 	 
142187.5 	 0.356 	 
142187.5 	 0.368 	 
142187.5 	 0.361 	 
142187.5 	 0.367 	 
142187.5 	 0.362 	 
142187.5 	 0.371 	 
142187.5 	 0.358 	 
142187.5 	 0.363 	 
142187.5 	 0.366 	 
142187.5 	 0.374 	 
142187.5 	 0.354 	 
142187.5 	 0.369 	 
142187.5 	 0.360 	 
142187.5 	 0.367 	 
142187.5 	 0.362 	 
142187.5 	 0.372 	 
142187.5 	 0.356 	 
142187.5 	 0.363 	 
142187.5 	 0.366 	 
142187.5 	 0.376 	 
142187.5 	 0.351 	 
142187.5 	 0.370 	 
142187.5 	 0.359 	 
142187.5 	 0.367 	 
142187.5 	 0.362 	 
142187.5 	 0.374 	 
142187.5 	 0.355 	 
142187.5 	 0.364 	 
304986	5193.125 	 0.437 	 
5193.125 	 0.437 	 
5193.125 	 0.437 	 
5193.125 	 0.439 	 
5193.125 	 0.436 	 
5193.125 	 0.438 	 
5193.125 	 0.437 	 
5193.125 	 0.438 	 
5193.125 	 0.437 	 
5193.125 	 0.438 	 
5193.125 	 0.437 	 
5193.125 	 0.437 	 
5193.125 	 0.437 	 
5193.125 	 0.439 	 
5193.125 	 0.435 	 
5193.125 	 0.438 	 
5193.125 	 0.437 	 
5193.125 	 0.438 	 
5193.125 	 0.437 	 
5193.125 	 0.439 	 
5193.125 	 0.436 	 
5193.125 	 0.437 	 
5193.125 	 0.438 	 
5193.125 	 0.440 	 
5193.125 	 0.434 	 
5193.125 	 0.439 	 
5193.125 	 0.436 	 
5193.125 	 0.438 	 
5193.125 	 0.436 	 
5193.125 	 0.44 	 
5193.125 	 0.435 	 
5193.125 	 0.437 	 
5193.125 	 0.438 	 
5193.125 	 0.441 	 
5193.125 	 0.433 	 
5193.125 	 0.439 	 
5193.125 	 0.435 	 
5193.125 	 0.438 	 
5193.125 	 0.436 	 
5193.125 	 0.440 	 
5193.125 	 0.434 	 
5193.125 	 0.437 	 
5193.125 	 0.438 	 
5193.125 	 0.442 	 
5193.125 	 0.432 	 
5193.125 	 0.439 	 
5193.125 	 0.435 	 
5193.125 	 0.439 	 
5193.125 	 0.436 	 
5193.125 	 0.441 	 
5193.125 	 0.433 	 
5193.125 	 0.436 	 
5193.125 	 0.438 	 
5193.125 	 0.444 	 
5193.125 	 0.430 	 
5193.125 	 0.440 	 
5193.125 	 0.434 	 
5193.125 	 0.439 	 
5193.125 	 0.436 	 
5193.125 	 0.441 	 
5193.125 	 0.432 	 
5193.125 	 0.437 	 
304988	20837.5 	 0.442 	 
20837.5 	 0.442 	 
20837.5 	 0.442 	 
20837.5 	 0.443 	 
20837.5 	 0.441 	 
20837.5 	 0.443 	 
20837.5 	 0.442 	 
20837.5 	 0.442 	 
20837.5 	 0.442 	 
20837.5 	 0.443 	 
20837.5 	 0.442 	 
20837.5 	 0.442 	 
20837.5 	 0.442 	 
20837.5 	 0.445 	 
20837.5 	 0.440 	 
20837.5 	 0.443 	 
20837.5 	 0.441 	 
20837.5 	 0.443 	 
20837.5 	 0.442 	 
20837.5 	 0.444 	 
20837.5 	 0.441 	 
20837.5 	 0.442 	 
20837.5 	 0.443 	 
20837.5 	 0.445 	 
20837.5 	 0.439 	 
20837.5 	 0.444 	 
20837.5 	 0.441 	 
20837.5 	 0.443 	 
20837.5 	 0.442 	 
20837.5 	 0.445 	 
20837.5 	 0.440 	 
20837.5 	 0.442 	 
20837.5 	 0.443 	 
20837.5 	 0.446 	 
20837.5 	 0.438 	 
20837.5 	 0.444 	 
20837.5 	 0.441 	 
20837.5 	 0.443 	 
20837.5 	 0.441 	 
20837.5 	 0.445 	 
20837.5 	 0.439 	 
20837.5 	 0.442 	 
20837.5 	 0.443 	 
20837.5 	 0.447 	 
20837.5 	 0.437 	 
20837.5 	 0.445 	 
20837.5 	 0.440 	 
20837.5 	 0.444 	 
20837.5 	 0.441 	 
20837.5 	 0.446 	 
20837.5 	 0.439 	 
20837.5 	 0.442 	 
20837.5 	 0.443 	 
20837.5 	 0.448 	 
20837.5 	 0.435 	 
20837.5 	 0.445 	 
20837.5 	 0.440 	 
20837.5 	 0.444 	 
20837.5 	 0.441 	 
20837.5 	 0.447 	 
20837.5 	 0.438 	 
20837.5 	 0.442 	 
304989	47550.0 	 0.428 	 
47550.0 	 0.428 	 
47550.0 	 0.428 	 
47550.0 	 0.429 	 
47550.0 	 0.427 	 
47550.0 	 0.429 	 
47550.0 	 0.428 	 
47550.0 	 0.428 	 
47550.0 	 0.428 	 
47550.0 	 0.429 	 
47550.0 	 0.427 	 
47550.0 	 0.428 	 
47550.0 	 0.428 	 
47550.0 	 0.430 	 
47550.0 	 0.426 	 
47550.0 	 0.429 	 
47550.0 	 0.427 	 
47550.0 	 0.429 	 
47550.0 	 0.428 	 
47550.0 	 0.430 	 
47550.0 	 0.426 	 
47550.0 	 0.428 	 
47550.0 	 0.428 	 
47550.0 	 0.431 	 
47550.0 	 0.425 	 
47550.0 	 0.429 	 
47550.0 	 0.427 	 
47550.0 	 0.429 	 
47550.0 	 0.427 	 
47550.0 	 0.431 	 
47550.0 	 0.425 	 
47550.0 	 0.428 	 
47550.0 	 0.428 	 
47550.0 	 0.433 	 
47550.0 	 0.423 	 
47550.0 	 0.430 	 
47550.0 	 0.426 	 
47550.0 	 0.429 	 
47550.0 	 0.427 	 
47550.0 	 0.431 	 
47550.0 	 0.425 	 
47550.0 	 0.428 	 
47550.0 	 0.428 	 
47550.0 	 0.434 	 
47550.0 	 0.422 	 
47550.0 	 0.430 	 
47550.0 	 0.426 	 
47550.0 	 0.429 	 
47550.0 	 0.427 	 
47550.0 	 0.432 	 
47550.0 	 0.424 	 
47550.0 	 0.427 	 
47550.0 	 0.428 	 
47550.0 	 0.435 	 
47550.0 	 0.420 	 
47550.0 	 0.431 	 
47550.0 	 0.425 	 
47550.0 	 0.429 	 
47550.0 	 0.427 	 
47550.0 	 0.433 	 
47550.0 	 0.423 	 
47550.0 	 0.428 	 
304990	87291.25 	 0.397 	 
87291.25 	 0.397 	 
87291.25 	 0.397 	 
87291.25 	 0.398 	 
87291.25 	 0.395 	 
87291.25 	 0.397 	 
87291.25 	 0.396 	 
87291.25 	 0.397 	 
87291.25 	 0.396 	 
87291.25 	 0.398 	 
87291.25 	 0.396 	 
87291.25 	 0.396 	 
87291.25 	 0.397 	 
87291.25 	 0.399 	 
87291.25 	 0.393 	 
87291.25 	 0.398 	 
87291.25 	 0.396 	 
87291.25 	 0.397 	 
87291.25 	 0.396 	 
87291.25 	 0.399 	 
87291.25 	 0.395 	 
87291.25 	 0.396 	 
87291.25 	 0.397 	 
87291.25 	 0.400 	 
87291.25 	 0.391 	 
87291.25 	 0.398 	 
87291.25 	 0.395 	 
87291.25 	 0.398 	 
87291.25 	 0.396 	 
87291.25 	 0.400 	 
87291.25 	 0.393 	 
87291.25 	 0.396 	 
87291.25 	 0.397 	 
87291.25 	 0.402 	 
87291.25 	 0.389 	 
87291.25 	 0.399 	 
87291.25 	 0.394 	 
87291.25 	 0.398 	 
87291.25 	 0.395 	 
87291.25 	 0.401 	 
87291.25 	 0.391 	 
87291.25 	 0.396 	 
87291.25 	 0.397 	 
87291.25 	 0.403 	 
87291.25 	 0.388 	 
87291.25 	 0.399 	 
87291.25 	 0.393 	 
87291.25 	 0.398 	 
87291.25 	 0.395 	 
87291.25 	 0.402 	 
87291.25 	 0.390 	 
87291.25 	 0.396 	 
87291.25 	 0.397 	 
87291.25 	 0.404 	 
87291.25 	 0.387 	 
87291.25 	 0.400 	 
87291.25 	 0.392 	 
87291.25 	 0.398 	 
87291.25 	 0.395 	 
87291.25 	 0.403 	 
87291.25 	 0.389 	 
87291.25 	 0.397 	 
304991	7467.875 	 0.454 	 
7467.875 	 0.454 	 
7467.875 	 0.454 	 
7467.875 	 0.455 	 
7467.875 	 0.453 	 
7467.875 	 0.454 	 
7467.875 	 0.454 	 
7467.875 	 0.454 	 
7467.875 	 0.454 	 
7467.875 	 0.454 	 
7467.875 	 0.453 	 
7467.875 	 0.454 	 
7467.875 	 0.454 	 
7467.875 	 0.455 	 
7467.875 	 0.453 	 
7467.875 	 0.454 	 
7467.875 	 0.453 	 
7467.875 	 0.454 	 
7467.875 	 0.454 	 
7467.875 	 0.455 	 
7467.875 	 0.453 	 
7467.875 	 0.454 	 
7467.875 	 0.454 	 
7467.875 	 0.456 	 
7467.875 	 0.452 	 
7467.875 	 0.455 	 
7467.875 	 0.453 	 
7467.875 	 0.454 	 
7467.875 	 0.453 	 
7467.875 	 0.455 	 
7467.875 	 0.452 	 
7467.875 	 0.454 	 
7467.875 	 0.454 	 
7467.875 	 0.457 	 
7467.875 	 0.451 	 
7467.875 	 0.455 	 
7467.875 	 0.453 	 
7467.875 	 0.454 	 
7467.875 	 0.453 	 
7467.875 	 0.456 	 
7467.875 	 0.452 	 
7467.875 	 0.454 	 
7467.875 	 0.454 	 
7467.875 	 0.457 	 
7467.875 	 0.450 	 
7467.875 	 0.455 	 
7467.875 	 0.453 	 
7467.875 	 0.455 	 
7467.875 	 0.453 	 
7467.875 	 0.456 	 
7467.875 	 0.451 	 
7467.875 	 0.454 	 
7467.875 	 0.454 	 
7467.875 	 0.458 	 
7467.875 	 0.45 	 
7467.875 	 0.456 	 
7467.875 	 0.452 	 
7467.875 	 0.455 	 
7467.875 	 0.453 	 
7467.875 	 0.457 	 
7467.875 	 0.450 	 
7467.875 	 0.454 	 
304992	13303.75 	 0.453 	 
13303.75 	 0.452 	 
13303.75 	 0.453 	 
13303.75 	 0.453 	 
13303.75 	 0.452 	 
13303.75 	 0.453 	 
13303.75 	 0.452 	 
13303.75 	 0.453 	 
13303.75 	 0.452 	 
13303.75 	 0.453 	 
13303.75 	 0.452 	 
13303.75 	 0.452 	 
13303.75 	 0.453 	 
13303.75 	 0.453 	 
13303.75 	 0.451 	 
13303.75 	 0.453 	 
13303.75 	 0.452 	 
13303.75 	 0.453 	 
13303.75 	 0.452 	 
13303.75 	 0.453 	 
13303.75 	 0.451 	 
13303.75 	 0.452 	 
13303.75 	 0.453 	 
13303.75 	 0.454 	 
13303.75 	 0.450 	 
13303.75 	 0.453 	 
13303.75 	 0.452 	 
13303.75 	 0.453 	 
13303.75 	 0.452 	 
13303.75 	 0.454 	 
13303.75 	 0.451 	 
13303.75 	 0.452 	 
13303.75 	 0.453 	 
13303.75 	 0.455 	 
13303.75 	 0.449 	 
13303.75 	 0.453 	 
13303.75 	 0.451 	 
13303.75 	 0.453 	 
13303.75 	 0.452 	 
13303.75 	 0.454 	 
13303.75 	 0.450 	 
13303.75 	 0.452 	 
13303.75 	 0.453 	 
13303.75 	 0.455 	 
13303.75 	 0.449 	 
13303.75 	 0.453 	 
13303.75 	 0.451 	 
13303.75 	 0.453 	 
13303.75 	 0.452 	 
13303.75 	 0.454 	 
13303.75 	 0.450 	 
13303.75 	 0.452 	 
13303.75 	 0.453 	 
13303.75 	 0.456 	 
13303.75 	 0.448 	 
13303.75 	 0.454 	 
13303.75 	 0.451 	 
13303.75 	 0.453 	 
13303.75 	 0.451 	 
13303.75 	 0.455 	 
13303.75 	 0.449 	 
13303.75 	 0.452 	 
304993	30422.5 	 0.441 	 
30422.5 	 0.441 	 
30422.5 	 0.441 	 
30422.5 	 0.442 	 
30422.5 	 0.440 	 
30422.5 	 0.442 	 
30422.5 	 0.441 	 
30422.5 	 0.441 	 
30422.5 	 0.441 	 
30422.5 	 0.442 	 
30422.5 	 0.440 	 
30422.5 	 0.441 	 
30422.5 	 0.441 	 
30422.5 	 0.443 	 
30422.5 	 0.439 	 
30422.5 	 0.442 	 
30422.5 	 0.440 	 
30422.5 	 0.441 	 
30422.5 	 0.441 	 
30422.5 	 0.442 	 
30422.5 	 0.439 	 
30422.5 	 0.441 	 
30422.5 	 0.441 	 
30422.5 	 0.443 	 
30422.5 	 0.438 	 
30422.5 	 0.442 	 
30422.5 	 0.440 	 
30422.5 	 0.442 	 
30422.5 	 0.440 	 
30422.5 	 0.443 	 
30422.5 	 0.439 	 
30422.5 	 0.441 	 
30422.5 	 0.441 	 
30422.5 	 0.444 	 
30422.5 	 0.437 	 
30422.5 	 0.442 	 
30422.5 	 0.439 	 
30422.5 	 0.442 	 
30422.5 	 0.440 	 
30422.5 	 0.443 	 
30422.5 	 0.438 	 
30422.5 	 0.441 	 
30422.5 	 0.442 	 
30422.5 	 0.445 	 
30422.5 	 0.436 	 
30422.5 	 0.443 	 
30422.5 	 0.439 	 
30422.5 	 0.442 	 
30422.5 	 0.440 	 
30422.5 	 0.444 	 
30422.5 	 0.438 	 
30422.5 	 0.441 	 
30422.5 	 0.442 	 
30422.5 	 0.445 	 
30422.5 	 0.435 	 
30422.5 	 0.443 	 
30422.5 	 0.439 	 
30422.5 	 0.442 	 
30422.5 	 0.44 	 
30422.5 	 0.444 	 
30422.5 	 0.437 	 
30422.5 	 0.441 	 
304994	56097.5 	 0.409 	 
56097.5 	 0.408 	 
56097.5 	 0.409 	 
56097.5 	 0.409 	 
56097.5 	 0.408 	 
56097.5 	 0.409 	 
56097.5 	 0.408 	 
56097.5 	 0.409 	 
56097.5 	 0.408 	 
56097.5 	 0.409 	 
56097.5 	 0.408 	 
56097.5 	 0.408 	 
56097.5 	 0.409 	 
56097.5 	 0.410 	 
56097.5 	 0.407 	 
56097.5 	 0.409 	 
56097.5 	 0.408 	 
56097.5 	 0.409 	 
56097.5 	 0.408 	 
56097.5 	 0.409 	 
56097.5 	 0.408 	 
56097.5 	 0.408 	 
56097.5 	 0.409 	 
56097.5 	 0.411 	 
56097.5 	 0.406 	 
56097.5 	 0.409 	 
56097.5 	 0.408 	 
56097.5 	 0.409 	 
56097.5 	 0.408 	 
56097.5 	 0.410 	 
56097.5 	 0.407 	 
56097.5 	 0.408 	 
56097.5 	 0.409 	 
56097.5 	 0.411 	 
56097.5 	 0.406 	 
56097.5 	 0.410 	 
56097.5 	 0.408 	 
56097.5 	 0.409 	 
56097.5 	 0.408 	 
56097.5 	 0.410 	 
56097.5 	 0.406 	 
56097.5 	 0.408 	 
56097.5 	 0.409 	 
56097.5 	 0.412 	 
56097.5 	 0.404 	 
56097.5 	 0.410 	 
56097.5 	 0.407 	 
56097.5 	 0.409 	 
56097.5 	 0.408 	 
56097.5 	 0.411 	 
56097.5 	 0.406 	 
56097.5 	 0.408 	 
56097.5 	 0.409 	 
56097.5 	 0.413 	 
56097.5 	 0.403 	 
56097.5 	 0.410 	 
56097.5 	 0.407 	 
56097.5 	 0.409 	 
56097.5 	 0.408 	 
56097.5 	 0.412 	 
56097.5 	 0.405 	 
56097.5 	 0.408 	 
304995	20160.0 	 0.454 	 
20160.0 	 0.454 	 
20160.0 	 0.454 	 
20160.0 	 0.455 	 
20160.0 	 0.454 	 
20160.0 	 0.454 	 
20160.0 	 0.454 	 
20160.0 	 0.454 	 
20160.0 	 0.454 	 
20160.0 	 0.454 	 
20160.0 	 0.454 	 
20160.0 	 0.454 	 
20160.0 	 0.454 	 
20160.0 	 0.455 	 
20160.0 	 0.453 	 
20160.0 	 0.455 	 
20160.0 	 0.454 	 
20160.0 	 0.454 	 
20160.0 	 0.454 	 
20160.0 	 0.455 	 
20160.0 	 0.453 	 
20160.0 	 0.454 	 
20160.0 	 0.454 	 
20160.0 	 0.455 	 
20160.0 	 0.453 	 
20160.0 	 0.455 	 
20160.0 	 0.453 	 
20160.0 	 0.454 	 
20160.0 	 0.454 	 
20160.0 	 0.455 	 
20160.0 	 0.453 	 
20160.0 	 0.454 	 
20160.0 	 0.454 	 
20160.0 	 0.456 	 
20160.0 	 0.452 	 
20160.0 	 0.455 	 
20160.0 	 0.453 	 
20160.0 	 0.454 	 
20160.0 	 0.454 	 
20160.0 	 0.455 	 
20160.0 	 0.452 	 
20160.0 	 0.454 	 
20160.0 	 0.454 	 
20160.0 	 0.456 	 
20160.0 	 0.451 	 
20160.0 	 0.455 	 
20160.0 	 0.453 	 
20160.0 	 0.455 	 
20160.0 	 0.454 	 
20160.0 	 0.455 	 
20160.0 	 0.452 	 
20160.0 	 0.454 	 
20160.0 	 0.454 	 
20160.0 	 0.457 	 
20160.0 	 0.450 	 
20160.0 	 0.455 	 
20160.0 	 0.453 	 
20160.0 	 0.454 	 
20160.0 	 0.453 	 
20160.0 	 0.456 	 
20160.0 	 0.451 	 
20160.0 	 0.454 	 
304996	37350.0 	 0.430 	 
37350.0 	 0.430 	 
37350.0 	 0.430 	 
37350.0 	 0.430 	 
37350.0 	 0.429 	 
37350.0 	 0.430 	 
37350.0 	 0.430 	 
37350.0 	 0.430 	 
37350.0 	 0.430 	 
37350.0 	 0.430 	 
37350.0 	 0.429 	 
37350.0 	 0.430 	 
37350.0 	 0.430 	 
37350.0 	 0.431 	 
37350.0 	 0.429 	 
37350.0 	 0.430 	 
37350.0 	 0.43 	 
37350.0 	 0.430 	 
37350.0 	 0.430 	 
37350.0 	 0.430 	 
37350.0 	 0.429 	 
37350.0 	 0.430 	 
37350.0 	 0.430 	 
37350.0 	 0.432 	 
37350.0 	 0.428 	 
37350.0 	 0.431 	 
37350.0 	 0.429 	 
37350.0 	 0.430 	 
37350.0 	 0.43 	 
37350.0 	 0.431 	 
37350.0 	 0.429 	 
37350.0 	 0.430 	 
37350.0 	 0.430 	 
37350.0 	 0.432 	 
37350.0 	 0.428 	 
37350.0 	 0.431 	 
37350.0 	 0.429 	 
37350.0 	 0.430 	 
37350.0 	 0.429 	 
37350.0 	 0.432 	 
37350.0 	 0.428 	 
37350.0 	 0.430 	 
37350.0 	 0.430 	 
37350.0 	 0.433 	 
37350.0 	 0.427 	 
37350.0 	 0.431 	 
37350.0 	 0.429 	 
37350.0 	 0.431 	 
37350.0 	 0.429 	 
37350.0 	 0.432 	 
37350.0 	 0.428 	 
37350.0 	 0.430 	 
37350.0 	 0.430 	 
37350.0 	 0.433 	 
37350.0 	 0.426 	 
37350.0 	 0.431 	 
37350.0 	 0.429 	 
37350.0 	 0.431 	 
37350.0 	 0.429 	 
37350.0 	 0.433 	 
37350.0 	 0.427 	 
37350.0 	 0.430 	 
304997	25603.75 	 0.424 	 
25603.75 	 0.424 	 
25603.75 	 0.424 	 
25603.75 	 0.424 	 
25603.75 	 0.423 	 
25603.75 	 0.424 	 
25603.75 	 0.424 	 
25603.75 	 0.424 	 
25603.75 	 0.424 	 
25603.75 	 0.424 	 
25603.75 	 0.424 	 
25603.75 	 0.424 	 
25603.75 	 0.424 	 
25603.75 	 0.425 	 
25603.75 	 0.423 	 
25603.75 	 0.424 	 
25603.75 	 0.424 	 
25603.75 	 0.424 	 
25603.75 	 0.424 	 
25603.75 	 0.424 	 
25603.75 	 0.423 	 
25603.75 	 0.424 	 
25603.75 	 0.424 	 
25603.75 	 0.425 	 
25603.75 	 0.422 	 
25603.75 	 0.424 	 
25603.75 	 0.423 	 
25603.75 	 0.424 	 
25603.75 	 0.424 	 
25603.75 	 0.424 	 
25603.75 	 0.422 	 
25603.75 	 0.424 	 
25603.75 	 0.424 	 
25603.75 	 0.426 	 
25603.75 	 0.422 	 
25603.75 	 0.425 	 
25603.75 	 0.423 	 
25603.75 	 0.424 	 
25603.75 	 0.423 	 
25603.75 	 0.425 	 
25603.75 	 0.422 	 
25603.75 	 0.424 	 
25603.75 	 0.424 	 
25603.75 	 0.427 	 
25603.75 	 0.421 	 
25603.75 	 0.425 	 
25603.75 	 0.423 	 
25603.75 	 0.424 	 
25603.75 	 0.423 	 
25603.75 	 0.425 	 
25603.75 	 0.422 	 
25603.75 	 0.424 	 
25603.75 	 0.424 	 
25603.75 	 0.427 	 
25603.75 	 0.420 	 
25603.75 	 0.425 	 
25603.75 	 0.422 	 
25603.75 	 0.424 	 
25603.75 	 0.423 	 
25603.75 	 0.426 	 
25603.75 	 0.421 	 
25603.75 	 0.423 	 
305615	14753.75 	 0.010 	 
14753.75 	 0.010 	 
14753.75 	 0.010 	 
14753.75 	 0.010 	 
14753.75 	 0.010 	 
14753.75 	 0.010 	 
14753.75 	 0.010 	 
14753.75 	 0.010 	 
14753.75 	 0.010 	 
14753.75 	 0.010 	 
14753.75 	 0.010 	 
14753.75 	 0.010 	 
14753.75 	 0.010 	 
14753.75 	 0.011 	 
14753.75 	 0.010 	 
14753.75 	 0.010 	 
14753.75 	 0.010 	 
14753.75 	 0.010 	 
14753.75 	 0.010 	 
14753.75 	 0.010 	 
14753.75 	 0.010 	 
14753.75 	 0.010 	 
14753.75 	 0.010 	 
14753.75 	 0.011 	 
14753.75 	 0.010 	 
14753.75 	 0.010 	 
14753.75 	 0.010 	 
14753.75 	 0.010 	 
14753.75 	 0.010 	 
14753.75 	 0.011 	 
14753.75 	 0.010 	 
14753.75 	 0.010 	 
14753.75 	 0.010 	 
14753.75 	 0.011 	 
14753.75 	 0.009 	 
14753.75 	 0.011 	 
14753.75 	 0.010 	 
14753.75 	 0.010 	 
14753.75 	 0.010 	 
14753.75 	 0.011 	 
14753.75 	 0.010 	 
14753.75 	 0.010 	 
14753.75 	 0.010 	 
14753.75 	 0.011 	 
14753.75 	 0.009 	 
14753.75 	 0.011 	 
14753.75 	 0.010 	 
14753.75 	 0.010 	 
14753.75 	 0.010 	 
14753.75 	 0.011 	 
14753.75 	 0.01 	 
14753.75 	 0.010 	 
14753.75 	 0.010 	 
14753.75 	 0.011 	 
14753.75 	 0.009 	 
14753.75 	 0.011 	 
14753.75 	 0.010 	 
14753.75 	 0.010 	 
14753.75 	 0.010 	 
14753.75 	 0.011 	 
14753.75 	 0.009 	 
14753.75 	 0.011 	 
305616	6973.125 	 0.154 	 
6973.125 	 0.153 	 
6973.125 	 0.155 	 
6973.125 	 0.163 	 
6973.125 	 0.144 	 
6973.125 	 0.158 	 
6973.125 	 0.150 	 
6973.125 	 0.157 	 
6973.125 	 0.152 	 
6973.125 	 0.161 	 
6973.125 	 0.147 	 
6973.125 	 0.151 	 
6973.125 	 0.157 	 
6973.125 	 0.174 	 
6973.125 	 0.134 	 
6973.125 	 0.161 	 
6973.125 	 0.145 	 
6973.125 	 0.159 	 
6973.125 	 0.149 	 
6973.125 	 0.170 	 
6973.125 	 0.139 	 
6973.125 	 0.150 	 
6973.125 	 0.158 	 
6973.125 	 0.183 	 
6973.125 	 0.124 	 
6973.125 	 0.166 	 
6973.125 	 0.141 	 
6973.125 	 0.161 	 
6973.125 	 0.146 	 
6973.125 	 0.178 	 
6973.125 	 0.131 	 
6973.125 	 0.149 	 
6973.125 	 0.16 	 
6973.125 	 0.193 	 
6973.125 	 0.113 	 
6973.125 	 0.170 	 
6973.125 	 0.137 	 
6973.125 	 0.164 	 
6973.125 	 0.144 	 
6973.125 	 0.185 	 
6973.125 	 0.123 	 
6973.125 	 0.147 	 
6973.125 	 0.161 	 
6973.125 	 0.202 	 
6973.125 	 0.101 	 
6973.125 	 0.174 	 
6973.125 	 0.132 	 
6973.125 	 0.167 	 
6973.125 	 0.141 	 
6973.125 	 0.193 	 
6973.125 	 0.114 	 
6973.125 	 0.145 	 
6973.125 	 0.163 	 
6973.125 	 0.211 	 
6973.125 	 0.092 	 
6973.125 	 0.178 	 
6973.125 	 0.129 	 
6973.125 	 0.170 	 
6973.125 	 0.139 	 
6973.125 	 0.200 	 
6973.125 	 0.107 	 
6973.125 	 0.154 	 
305617	3700.625 	 0.341 	 
3700.625 	 0.340 	 
3700.625 	 0.341 	 
3700.625 	 0.344 	 
3700.625 	 0.338 	 
3700.625 	 0.342 	 
3700.625 	 0.340 	 
3700.625 	 0.342 	 
3700.625 	 0.340 	 
3700.625 	 0.343 	 
3700.625 	 0.339 	 
3700.625 	 0.340 	 
3700.625 	 0.342 	 
3700.625 	 0.347 	 
3700.625 	 0.335 	 
3700.625 	 0.343 	 
3700.625 	 0.338 	 
3700.625 	 0.343 	 
3700.625 	 0.339 	 
3700.625 	 0.345 	 
3700.625 	 0.336 	 
3700.625 	 0.340 	 
3700.625 	 0.342 	 
3700.625 	 0.349 	 
3700.625 	 0.331 	 
3700.625 	 0.344 	 
3700.625 	 0.337 	 
3700.625 	 0.343 	 
3700.625 	 0.339 	 
3700.625 	 0.347 	 
3700.625 	 0.333 	 
3700.625 	 0.339 	 
3700.625 	 0.343 	 
3700.625 	 0.352 	 
3700.625 	 0.327 	 
3700.625 	 0.346 	 
3700.625 	 0.336 	 
3700.625 	 0.344 	 
3700.625 	 0.338 	 
3700.625 	 0.35 	 
3700.625 	 0.331 	 
3700.625 	 0.339 	 
3700.625 	 0.343 	 
3700.625 	 0.355 	 
3700.625 	 0.323 	 
3700.625 	 0.347 	 
3700.625 	 0.335 	 
3700.625 	 0.344 	 
3700.625 	 0.337 	 
3700.625 	 0.353 	 
3700.625 	 0.328 	 
3700.625 	 0.338 	 
3700.625 	 0.343 	 
3700.625 	 0.358 	 
3700.625 	 0.319 	 
3700.625 	 0.348 	 
3700.625 	 0.333 	 
3700.625 	 0.345 	 
3700.625 	 0.336 	 
3700.625 	 0.355 	 
3700.625 	 0.325 	 
3700.625 	 0.339 	 
305618	2128.5 	 0.405 	 
2128.5 	 0.405 	 
2128.5 	 0.405 	 
2128.5 	 0.407 	 
2128.5 	 0.403 	 
2128.5 	 0.406 	 
2128.5 	 0.404 	 
2128.5 	 0.405 	 
2128.5 	 0.404 	 
2128.5 	 0.406 	 
2128.5 	 0.404 	 
2128.5 	 0.404 	 
2128.5 	 0.405 	 
2128.5 	 0.409 	 
2128.5 	 0.401 	 
2128.5 	 0.406 	 
2128.5 	 0.403 	 
2128.5 	 0.406 	 
2128.5 	 0.404 	 
2128.5 	 0.408 	 
2128.5 	 0.403 	 
2128.5 	 0.404 	 
2128.5 	 0.406 	 
2128.5 	 0.411 	 
2128.5 	 0.399 	 
2128.5 	 0.407 	 
2128.5 	 0.403 	 
2128.5 	 0.406 	 
2128.5 	 0.404 	 
2128.5 	 0.409 	 
2128.5 	 0.401 	 
2128.5 	 0.404 	 
2128.5 	 0.406 	 
2128.5 	 0.412 	 
2128.5 	 0.396 	 
2128.5 	 0.408 	 
2128.5 	 0.402 	 
2128.5 	 0.407 	 
2128.5 	 0.403 	 
2128.5 	 0.410 	 
2128.5 	 0.399 	 
2128.5 	 0.404 	 
2128.5 	 0.406 	 
2128.5 	 0.414 	 
2128.5 	 0.395 	 
2128.5 	 0.409 	 
2128.5 	 0.401 	 
2128.5 	 0.407 	 
2128.5 	 0.403 	 
2128.5 	 0.412 	 
2128.5 	 0.397 	 
2128.5 	 0.404 	 
2128.5 	 0.406 	 
2128.5 	 0.415 	 
2128.5 	 0.393 	 
2128.5 	 0.409 	 
2128.5 	 0.400 	 
2128.5 	 0.408 	 
2128.5 	 0.403 	 
2128.5 	 0.413 	 
2128.5 	 0.396 	 
2128.5 	 0.404 	 
305619	1299.125 	 0.433 	 
1299.125 	 0.433 	 
1299.125 	 0.433 	 
1299.125 	 0.434 	 
1299.125 	 0.432 	 
1299.125 	 0.433 	 
1299.125 	 0.432 	 
1299.125 	 0.433 	 
1299.125 	 0.432 	 
1299.125 	 0.434 	 
1299.125 	 0.432 	 
1299.125 	 0.433 	 
1299.125 	 0.433 	 
1299.125 	 0.435 	 
1299.125 	 0.430 	 
1299.125 	 0.434 	 
1299.125 	 0.432 	 
1299.125 	 0.433 	 
1299.125 	 0.432 	 
1299.125 	 0.434 	 
1299.125 	 0.431 	 
1299.125 	 0.432 	 
1299.125 	 0.433 	 
1299.125 	 0.436 	 
1299.125 	 0.429 	 
1299.125 	 0.434 	 
1299.125 	 0.432 	 
1299.125 	 0.434 	 
1299.125 	 0.432 	 
1299.125 	 0.435 	 
1299.125 	 0.430 	 
1299.125 	 0.432 	 
1299.125 	 0.433 	 
1299.125 	 0.437 	 
1299.125 	 0.428 	 
1299.125 	 0.435 	 
1299.125 	 0.431 	 
1299.125 	 0.434 	 
1299.125 	 0.432 	 
1299.125 	 0.436 	 
1299.125 	 0.429 	 
1299.125 	 0.432 	 
1299.125 	 0.433 	 
1299.125 	 0.438 	 
1299.125 	 0.427 	 
1299.125 	 0.435 	 
1299.125 	 0.430 	 
1299.125 	 0.434 	 
1299.125 	 0.432 	 
1299.125 	 0.436 	 
1299.125 	 0.428 	 
1299.125 	 0.432 	 
1299.125 	 0.433 	 
1299.125 	 0.438 	 
1299.125 	 0.425 	 
1299.125 	 0.436 	 
1299.125 	 0.430 	 
1299.125 	 0.434 	 
1299.125 	 0.431 	 
1299.125 	 0.437 	 
1299.125 	 0.427 	 
1299.125 	 0.432 	 
305620	829.0999 	 0.448 	 
829.0999 	 0.448 	 
829.0999 	 0.448 	 
829.0999 	 0.449 	 
829.0999 	 0.448 	 
829.0999 	 0.449 	 
829.0999 	 0.448 	 
829.0999 	 0.449 	 
829.0999 	 0.448 	 
829.0999 	 0.449 	 
829.0999 	 0.448 	 
829.0999 	 0.448 	 
829.0999 	 0.449 	 
829.0999 	 0.450 	 
829.0999 	 0.447 	 
829.0999 	 0.449 	 
829.0999 	 0.448 	 
829.0999 	 0.449 	 
829.0999 	 0.448 	 
829.0999 	 0.449 	 
829.0999 	 0.447 	 
829.0999 	 0.448 	 
829.0999 	 0.449 	 
829.0999 	 0.450 	 
829.0999 	 0.446 	 
829.0999 	 0.449 	 
829.0999 	 0.447 	 
829.0999 	 0.449 	 
829.0999 	 0.448 	 
829.0999 	 0.450 	 
829.0999 	 0.447 	 
829.0999 	 0.448 	 
829.0999 	 0.449 	 
829.0999 	 0.451 	 
829.0999 	 0.445 	 
829.0999 	 0.449 	 
829.0999 	 0.447 	 
829.0999 	 0.449 	 
829.0999 	 0.448 	 
829.0999 	 0.450 	 
829.0999 	 0.446 	 
829.0999 	 0.448 	 
829.0999 	 0.449 	 
829.0999 	 0.452 	 
829.0999 	 0.444 	 
829.0999 	 0.450 	 
829.0999 	 0.447 	 
829.0999 	 0.449 	 
829.0999 	 0.448 	 
829.0999 	 0.451 	 
829.0999 	 0.446 	 
829.0999 	 0.448 	 
829.0999 	 0.449 	 
829.0999 	 0.452 	 
829.0999 	 0.444 	 
829.0999 	 0.450 	 
829.0999 	 0.447 	 
829.0999 	 0.449 	 
829.0999 	 0.448 	 
829.0999 	 0.451 	 
829.0999 	 0.445 	 
829.0999 	 0.448 	 
305621	3317.5 	 0.448 	 
3317.5 	 0.448 	 
3317.5 	 0.448 	 
3317.5 	 0.449 	 
3317.5 	 0.448 	 
3317.5 	 0.449 	 
3317.5 	 0.448 	 
3317.5 	 0.448 	 
3317.5 	 0.448 	 
3317.5 	 0.449 	 
3317.5 	 0.448 	 
3317.5 	 0.448 	 
3317.5 	 0.448 	 
3317.5 	 0.449 	 
3317.5 	 0.447 	 
3317.5 	 0.449 	 
3317.5 	 0.448 	 
3317.5 	 0.448 	 
3317.5 	 0.448 	 
3317.5 	 0.449 	 
3317.5 	 0.447 	 
3317.5 	 0.448 	 
3317.5 	 0.449 	 
3317.5 	 0.450 	 
3317.5 	 0.446 	 
3317.5 	 0.449 	 
3317.5 	 0.448 	 
3317.5 	 0.449 	 
3317.5 	 0.448 	 
3317.5 	 0.449 	 
3317.5 	 0.447 	 
3317.5 	 0.448 	 
3317.5 	 0.449 	 
3317.5 	 0.450 	 
3317.5 	 0.445 	 
3317.5 	 0.449 	 
3317.5 	 0.447 	 
3317.5 	 0.449 	 
3317.5 	 0.448 	 
3317.5 	 0.450 	 
3317.5 	 0.447 	 
3317.5 	 0.448 	 
3317.5 	 0.449 	 
3317.5 	 0.451 	 
3317.5 	 0.445 	 
3317.5 	 0.449 	 
3317.5 	 0.447 	 
3317.5 	 0.449 	 
3317.5 	 0.448 	 
3317.5 	 0.450 	 
3317.5 	 0.446 	 
3317.5 	 0.448 	 
3317.5 	 0.449 	 
3317.5 	 0.451 	 
3317.5 	 0.444 	 
3317.5 	 0.449 	 
3317.5 	 0.447 	 
3317.5 	 0.449 	 
3317.5 	 0.447 	 
3317.5 	 0.450 	 
3317.5 	 0.446 	 
3317.5 	 0.448 	 
